Sample	total_passed	total_failed	secondary_passed	secondary_failed	supplementary_passed	supplementary_failed	duplicates_passed	duplicates_failed	mapped_passed	mapped_failed	mapped_passed_pct	mapped_failed_pct	paired in sequencing_passed	paired in sequencing_failed	read1_passed	read1_failed	read2_passed	read2_failed	properly paired_passed	properly paired_failed	properly paired_passed_pct	properly paired_failed_pct	with itself and mate mapped_passed	with itself and mate mapped_failed	singletons_passed	singletons_failed	singletons_passed_pct	singletons_failed_pct	with mate mapped to a different chr_passed	with mate mapped to a different chr_failed	with mate mapped to a different chr (mapQ >= 5)_passed	with mate mapped to a different chr (mapQ >= 5)_failed	flagstat_total
bf_1019_1_FKDN220233822-1A_HN5M2DSX3_L2.flagfile	8394855	0	0	0	172605	0	1935181	0	8288112	0	98.73	nan	8222250	0	4111125	0	4111125	0	7670302	0	93.29	nan	8095854	0	19653	0	0.24	nan	264758	0	134951	0	8394855
bf_1019_4_FKDN220233821-1A_HN5M2DSX3_L2.flagfile	8117922	0	0	0	167590	0	1952823	0	8070315	0	99.41	nan	7950332	0	3975166	0	3975166	0	7501754	0	94.36	nan	7885504	0	17221	0	0.22	nan	241086	0	122317	0	8117922
bf_1019_6_FKDN220233820-1A_HN5M2DSX3_L2.flagfile	9854026	0	0	0	203248	0	2323078	0	9785450	0	99.3	nan	9650778	0	4825389	0	4825389	0	9042620	0	93.7	nan	9557068	0	25134	0	0.26	nan	323988	0	163290	0	9854026
bf_123a_10_FKDN220233792-1A_HN5M2DSX3_L2.flagfile	9041196	0	0	0	182716	0	2337426	0	8954265	0	99.04	nan	8858480	0	4429240	0	4429240	0	8269582	0	93.35	nan	8744844	0	26705	0	0.3	nan	295496	0	151266	0	9041196
bf_123a_11_FKDN220233810-1A_HN5M2DSX3_L2.flagfile	9393459	0	0	0	189795	0	2067171	0	9041747	0	96.26	nan	9203664	0	4601832	0	4601832	0	8434716	0	91.65	nan	8832762	0	19190	0	0.21	nan	254450	0	124318	0	9393459
bf_123a_15_FKDN220233811-1A_HN5M2DSX3_L2.flagfile	8749203	0	0	0	184251	0	1983233	0	8273977	0	94.57	nan	8564952	0	4282476	0	4282476	0	7567486	0	88.35	nan	8056306	0	33420	0	0.39	nan	313356	0	169919	0	8749203
bf_123a_16_FKDN220233793-1A_HN5M2DSX3_L2.flagfile	7756055	0	0	0	157249	0	1736222	0	7611622	0	98.14	nan	7598806	0	3799403	0	3799403	0	7013148	0	92.29	nan	7432422	0	21951	0	0.29	nan	264440	0	136873	0	7756055
bf_123a_17_FKDN220233791-1A_HN5M2DSX3_L2.flagfile	10307322	0	0	0	229332	0	2342809	0	10112431	0	98.11	nan	10077990	0	5038995	0	5038995	0	9252138	0	91.81	nan	9856898	0	26201	0	0.26	nan	402428	0	225110	0	10307322
bf_123a_18_FKDN220233789-1A_HN5M2DSX3_L2.flagfile	4500926	0	0	0	95524	0	926874	0	4465783	0	99.22	nan	4405402	0	2202701	0	2202701	0	4088582	0	92.81	nan	4356626	0	13633	0	0.31	nan	171172	0	91348	0	4500926
bf_123a_2_FKDN220233813-1A_HN5M2DSX3_L2.flagfile	8530394	0	0	0	179860	0	2015697	0	8470614	0	99.3	nan	8350534	0	4175267	0	4175267	0	7875360	0	94.31	nan	8272464	0	18290	0	0.22	nan	253350	0	129132	0	8530394
bf_123a_3_FKDN220233790-1A_HN5M2DSX3_L2.flagfile	9226171	0	0	0	222081	0	2144762	0	9117951	0	98.83	nan	9004090	0	4502045	0	4502045	0	8430190	0	93.63	nan	8876412	0	19458	0	0.22	nan	283460	0	142979	0	9226171
bf_123a_4_FKDN220233809-1A_HN5M2DSX3_L2.flagfile	7203428	0	0	0	165500	0	1813796	0	6680664	0	92.74	nan	7037928	0	3518964	0	3518964	0	6145468	0	87.32	nan	6499170	0	15994	0	0.23	nan	232460	0	127248	0	7203428
bf_123a_5_FKDN220233812-1A_HN5M2DSX3_L2.flagfile	12282788	0	0	0	261866	0	3424732	0	12140445	0	98.84	nan	12020922	0	6010461	0	6010461	0	11084732	0	92.21	nan	11839924	0	38655	0	0.32	nan	478486	0	252451	0	12282788
bf_133_2_FKDN220233788-1A_HN5M2DSX3_L2.flagfile	9902622	0	0	0	213868	0	2470050	0	9805689	0	99.02	nan	9688754	0	4844377	0	4844377	0	8993490	0	92.82	nan	9562962	0	28859	0	0.3	nan	349268	0	178776	0	9902622
bf_134_5_FKDN220233805-1A_HN5M2DSX3_L2.flagfile	7972895	0	0	0	168475	0	1730063	0	7924496	0	99.39	nan	7804420	0	3902210	0	3902210	0	7349592	0	94.17	nan	7737984	0	18037	0	0.23	nan	247130	0	123044	0	7972895
bf_134_6_FKDN220233808-1A_HN5M2DSX3_L2.flagfile	8957441	0	0	0	188191	0	2247347	0	8896083	0	99.32	nan	8769250	0	4384625	0	4384625	0	8275046	0	94.36	nan	8688084	0	19808	0	0.23	nan	253610	0	121905	0	8957441
bf_28a_10_FKDN220233823-1A_HN5M2DSX3_L2.flagfile	9626781	0	0	0	210475	0	2304852	0	9564641	0	99.35	nan	9416306	0	4708153	0	4708153	0	8834636	0	93.82	nan	9331920	0	22246	0	0.24	nan	316674	0	161709	0	9626781
bf_28a_2_FKDN220233801-1A_HN5M2DSX3_L2.flagfile	8974031	0	0	0	213329	0	2127207	0	8892810	0	99.09	nan	8760702	0	4380351	0	4380351	0	8116330	0	92.64	nan	8656888	0	22593	0	0.26	nan	349400	0	189556	0	8974031
bf_28a_3_FKDN220233799-1A_HN5M2DSX3_L2.flagfile	7604199	0	0	0	172611	0	1787829	0	7549183	0	99.28	nan	7431588	0	3715794	0	3715794	0	6931598	0	93.27	nan	7358008	0	18564	0	0.25	nan	274408	0	148811	0	7604199
bf_28a_6_FKDN220233819-1A_HN5M2DSX3_L2.flagfile	8489760	0	0	0	181116	0	1945565	0	8413128	0	99.1	nan	8308644	0	4154322	0	4154322	0	7725354	0	92.98	nan	8208130	0	23882	0	0.29	nan	302302	0	156282	0	8489760
bf_28a_7_FKDN220233803-1A_HN5M2DSX3_L2.flagfile	8360118	0	0	0	185444	0	2112411	0	8292199	0	99.19	nan	8174674	0	4087337	0	4087337	0	7589972	0	92.85	nan	8083692	0	23063	0	0.28	nan	314706	0	168379	0	8360118
bf_28a_8_FKDN220233802-1A_HN5M2DSX3_L2.flagfile	8666873	0	0	0	184275	0	2063135	0	8603264	0	99.27	nan	8482598	0	4241299	0	4241299	0	7941538	0	93.62	nan	8397066	0	21923	0	0.26	nan	287396	0	146929	0	8666873
bf_28a_9_FKDN220233800-1A_HN5M2DSX3_L2.flagfile	9059505	0	0	0	195947	0	2210692	0	8990776	0	99.24	nan	8863558	0	4431779	0	4431779	0	8246610	0	93.04	nan	8770544	0	24285	0	0.27	nan	331196	0	175580	0	9059505
bf_418_1_FKDN220233814-1A_HN5M2DSX3_L2.flagfile	8565803	0	0	0	170105	0	2011810	0	8502545	0	99.26	nan	8395698	0	4197849	0	4197849	0	7838176	0	93.36	nan	8308934	0	23506	0	0.28	nan	300934	0	155256	0	8565803
bf_424_1_FKDN220233817-1A_HN5M2DSX3_L2.flagfile	9561096	0	0	0	199518	0	2285551	0	9495259	0	99.31	nan	9361578	0	4680789	0	4680789	0	8770936	0	93.69	nan	9272150	0	23591	0	0.25	nan	314078	0	158678	0	9561096
bf_424_3_FKDN220233818-1A_HN5M2DSX3_L2.flagfile	10909923	0	0	0	234665	0	2943434	0	10719001	0	98.25	nan	10675258	0	5337629	0	5337629	0	9922888	0	92.95	nan	10459242	0	25094	0	0.24	nan	334126	0	164544	0	10909923
bf_424_5_FKDN220233796-1A_HN5M2DSX3_L2.flagfile	10536003	0	0	0	220433	0	2543993	0	10451676	0	99.2	nan	10315570	0	5157785	0	5157785	0	9620050	0	93.26	nan	10202330	0	28913	0	0.28	nan	361602	0	186865	0	10536003
bf_427_1_FKDN220233815-1A_HN5M2DSX3_L2.flagfile	10981614	0	0	0	222446	0	3080335	0	10777953	0	98.15	nan	10759168	0	5379584	0	5379584	0	9883192	0	91.86	nan	10519264	0	36243	0	0.34	nan	398240	0	208381	0	10981614
bf_427_3_FKDN220233795-1A_HN5M2DSX3_L2.flagfile	6294047	0	0	0	141511	0	1252220	0	6251244	0	99.32	nan	6152536	0	3076268	0	3076268	0	5794138	0	94.17	nan	6096242	0	13491	0	0.22	nan	190572	0	94949	0	6294047
bf_428_2_FKDN220233816-1A_HN5M2DSX3_L2.flagfile	8318198	0	0	0	173270	0	2029394	0	8265356	0	99.36	nan	8144928	0	4072464	0	4072464	0	7635876	0	93.75	nan	8072088	0	19998	0	0.25	nan	273312	0	139444	0	8318198
bf_542_2_FKDN220233797-1A_HN5M2DSX3_L2.flagfile	8107125	0	0	0	162475	0	1765504	0	7886230	0	97.28	nan	7944650	0	3972325	0	3972325	0	7323894	0	92.19	nan	7704050	0	19705	0	0.25	nan	235978	0	115933	0	8107125
bf_542_3_FKDN220233794-1A_HN5M2DSX3_L2.flagfile	8790237	0	0	0	184899	0	2023919	0	8724171	0	99.25	nan	8605338	0	4302669	0	4302669	0	8049690	0	93.54	nan	8516908	0	22364	0	0.26	nan	295268	0	153779	0	8790237
bf_89_2_FKDN220233806-1A_HN5M2DSX3_L2.flagfile	8750162	0	0	0	176674	0	1946292	0	8695803	0	99.38	nan	8573488	0	4286744	0	4286744	0	8082824	0	94.28	nan	8499108	0	20021	0	0.23	nan	260888	0	128259	0	8750162
bf_89_3_FKDN220233784-1A_HN5M2DSX3_L2.flagfile	8203761	0	0	0	170287	0	2053814	0	8114633	0	98.91	nan	8033474	0	4016737	0	4016737	0	7441672	0	92.63	nan	7919334	0	25012	0	0.31	nan	306898	0	164652	0	8203761
bf_89_4_FKDN220233786-1A_HN5M2DSX3_L2.flagfile	7987297	0	0	0	178113	0	1849985	0	7915846	0	99.11	nan	7809184	0	3904592	0	3904592	0	7231226	0	92.6	nan	7714252	0	23481	0	0.3	nan	307784	0	165899	0	7987297
bf_89_5_FKDN220233787-1A_HN5M2DSX3_L2.flagfile	7734108	0	0	0	172482	0	1604229	0	7665064	0	99.11	nan	7561626	0	3780813	0	3780813	0	6992858	0	92.48	nan	7471042	0	21540	0	0.28	nan	301738	0	163490	0	7734108
bf_89_6_FKDN220233804-1A_HN5M2DSX3_L2.flagfile	10983869	0	0	0	221251	0	2944125	0	10911007	0	99.34	nan	10762618	0	5381309	0	5381309	0	10074594	0	93.61	nan	10660596	0	29160	0	0.27	nan	366700	0	184638	0	10983869
bf_89_7_FKDN220233785-1A_HN5M2DSX3_L2.flagfile	8007039	0	0	0	163271	0	1809584	0	7943220	0	99.2	nan	7843768	0	3921884	0	3921884	0	7292784	0	92.98	nan	7756164	0	23785	0	0.3	nan	292050	0	153512	0	8007039
bf_89_9_FKDN220233807-1A_HN5M2DSX3_L2.flagfile	8791881	0	0	0	174421	0	1967485	0	8739883	0	99.41	nan	8617460	0	4308730	0	4308730	0	8136436	0	94.42	nan	8545132	0	20330	0	0.24	nan	256888	0	127621	0	8791881
