"","fst_unweighted","fst_weighted","cluster_a","month_a","year_a","cluster_b","month_b","year_b","treated"
"1",-0.005751,0,1,11,2015,1,7,2015,1
"2",-0.004999,0.00036,1,11,2015,1,9,2015,1
"3",-0.005358,0.000275,1,11,2015,10,11,2014,1
"4",-0.007765,0,1,11,2015,10,7,2015,1
"5",-0.00281,0.002935,1,11,2015,10,9,2014,1
"6",-0.005498,5.8e-05,1,11,2015,10,9,2015,1
"7",-0.005573,0,1,11,2015,11,11,2014,1
"8",-0.006467,0,1,11,2015,11,7,2015,1
"9",-0.00362,0.00161,1,11,2015,11,9,2014,1
"10",-0.005525,0.000128,1,11,2015,11,9,2015,1
"11",-0.005119,0.000123,1,11,2015,12,11,2015,1
"12",-0.008466,0,1,11,2015,12,7,2015,1
"13",-0.005028,0.000437,1,11,2015,12,9,2014,1
"14",-0.004211,0.001316,1,11,2015,12,9,2015,1
"15",-0.004135,0.001148,1,11,2015,18,8,2014,1
"16",-0.003202,0.002443,1,11,2015,18,9,2014,1
"17",-0.004861,0.000671,1,11,2015,18,9,2015,1
"18",-0.00476,0.000615,1,11,2015,2,9,2014,1
"19",-0.004686,0.000637,1,11,2015,2,9,2015,1
"20",-0.009336,0,1,11,2015,20,11,2014,1
"21",-0.004505,0.000634,1,11,2015,20,7,2015,1
"22",-0.00553,0,1,11,2015,20,9,2014,1
"23",-0.004673,0.000699,1,11,2015,20,9,2015,1
"24",-0.005835,0,1,11,2015,26,7,2015,1
"25",-0.004274,0.001683,1,11,2015,26,9,2014,1
"26",-0.004597,0.001172,1,11,2015,26,9,2015,1
"27",-0.005319,0.000219,1,11,2015,29,7,2014,1
"28",-0.004413,0.000879,1,11,2015,29,9,2014,1
"29",-0.004745,0.000512,1,11,2015,29,9,2015,1
"30",-0.004839,0.001312,1,11,2015,3,7,2015,1
"31",-0.004321,0.001337,1,11,2015,3,9,2014,1
"32",-0.004617,0.000998,1,11,2015,3,9,2015,1
"33",-0.004812,0.000463,1,11,2015,36,7,2014,1
"34",-0.007237,0,1,11,2015,36,7,2015,1
"35",-0.004002,0.001945,1,11,2015,36,9,2014,1
"36",-0.005968,0.001098,1,11,2015,37,7,2015,1
"37",-0.003883,0.001472,1,11,2015,37,9,2014,1
"38",-0.00409,0.001778,1,11,2015,37,9,2015,1
"39",-0.00327,0.002297,1,11,2015,39,7,2015,1
"40",-0.004838,0.000342,1,11,2015,39,9,2014,1
"41",-0.00368,0.001787,1,11,2015,39,9,2015,1
"42",-0.002809,0.002881,1,11,2015,4,7,2015,1
"43",-0.004217,0.00159,1,11,2015,4,9,2014,1
"44",-0.006701,0,1,11,2015,4,9,2015,1
"45",-0.004163,0.001183,1,11,2015,9,11,2014,1
"46",-0.001473,0.004523,1,11,2015,9,7,2014,1
"47",-0.00506,0.001436,1,11,2015,9,7,2015,1
"48",-0.004442,0.00088,1,11,2015,9,9,2014,1
"49",-0.004181,0.001306,1,11,2015,9,9,2015,1
"50",-0.008218,0,1,7,2015,10,9,2015,1
"51",-0.006747,0,1,7,2015,11,11,2014,1
"52",-0.004272,0.00109,1,7,2015,11,9,2014,1
"53",-0.008038,0,1,7,2015,11,9,2015,1
"54",-0.007325,0,1,7,2015,12,11,2015,1
"55",-0.006737,0,1,7,2015,18,8,2014,1
"56",-0.006492,0,1,7,2015,18,9,2014,1
"57",-0.007441,0,1,7,2015,18,9,2015,1
"58",-0.007989,0,1,7,2015,2,9,2014,1
"59",-0.00551,6e-05,1,7,2015,2,9,2015,1
"60",-0.012084,0,1,7,2015,20,11,2014,1
"61",-0.005712,0,1,7,2015,20,9,2015,1
"62",-0.008028,0,1,7,2015,26,7,2015,1
"63",-0.006856,0,1,7,2015,26,9,2014,1
"64",-0.007266,0,1,7,2015,29,7,2014,1
"65",-0.006127,0,1,7,2015,29,9,2014,1
"66",-0.006454,0,1,7,2015,29,9,2015,1
"67",-0.008822,0,1,7,2015,3,7,2015,1
"68",-0.007783,0,1,7,2015,3,9,2014,1
"69",-0.006359,0,1,7,2015,36,7,2014,1
"70",-0.010027,0,1,7,2015,36,7,2015,1
"71",-0.00816,0,1,7,2015,36,9,2014,1
"72",-0.010757,0,1,7,2015,37,7,2015,1
"73",-0.006955,0,1,7,2015,4,9,2014,1
"74",-0.01065,0,1,7,2015,4,9,2015,1
"75",-0.007384,0,1,7,2015,9,11,2014,1
"76",-0.0052,0.000291,1,7,2015,9,7,2014,1
"77",-0.007126,0,1,7,2015,9,7,2015,1
"78",-0.004923,0.000553,1,9,2014,1,11,2015,1
"79",-0.006759,0,1,9,2014,1,7,2015,1
"80",-0.005474,0,1,9,2014,1,9,2015,1
"81",-0.006625,0,1,9,2014,10,11,2014,1
"82",-0.007168,0,1,9,2014,10,7,2015,1
"83",-0.004068,0.001612,1,9,2014,10,9,2014,1
"84",-0.006012,0,1,9,2014,10,9,2015,1
"85",-0.006071,0,1,9,2014,11,11,2014,1
"86",-0.005928,0,1,9,2014,11,11,2015,1
"87",-0.006643,0,1,9,2014,11,7,2015,1
"88",-0.003949,0.001283,1,9,2014,11,9,2014,1
"89",-0.006252,0,1,9,2014,11,9,2015,1
"90",-0.005617,0,1,9,2014,12,11,2015,1
"91",-0.009425,0,1,9,2014,12,7,2015,1
"92",-0.006116,0,1,9,2014,12,9,2014,1
"93",-0.005388,9.4e-05,1,9,2014,12,9,2015,1
"94",-0.00515,5.2e-05,1,9,2014,18,8,2014,1
"95",-0.00439,0.001229,1,9,2014,18,9,2014,1
"96",-0.006397,0,1,9,2014,18,9,2015,1
"97",-0.006104,0,1,9,2014,2,9,2014,1
"98",-0.004867,0.000587,1,9,2014,2,9,2015,1
"99",-0.01007,0,1,9,2014,20,11,2014,1
"100",-0.004887,0.000381,1,9,2014,20,7,2015,1
"101",-0.006121,0,1,9,2014,20,9,2014,1
"102",-0.00551,0,1,9,2014,20,9,2015,1
"103",-0.007405,0,1,9,2014,26,7,2015,1
"104",-0.005845,9.5e-05,1,9,2014,26,9,2014,1
"105",-0.005765,0,1,9,2014,26,9,2015,1
"106",-0.006476,0,1,9,2014,29,7,2014,1
"107",-0.005099,0.000321,1,9,2014,29,9,2014,1
"108",-0.005609,0,1,9,2014,29,9,2015,1
"109",-0.006509,0,1,9,2014,3,7,2015,1
"110",-0.006437,0,1,9,2014,3,9,2014,1
"111",-0.005032,0.000628,1,9,2014,3,9,2015,1
"112",-0.006068,0,1,9,2014,36,7,2014,1
"113",-0.007711,0,1,9,2014,36,7,2015,1
"114",-0.005866,0,1,9,2014,36,9,2014,1
"115",-0.008042,0,1,9,2014,37,7,2015,1
"116",-0.005188,6.7e-05,1,9,2014,37,9,2014,1
"117",-0.005462,0.000257,1,9,2014,37,9,2015,1
"118",-0.004944,0.000375,1,9,2014,39,7,2015,1
"119",-0.006126,0,1,9,2014,39,9,2014,1
"120",-0.004873,0.000584,1,9,2014,39,9,2015,1
"121",-0.003957,0.00157,1,9,2014,4,7,2015,1
"122",-0.005821,0,1,9,2014,4,9,2014,1
"123",-0.007929,0,1,9,2014,4,9,2015,1
"124",-0.005047,0.000291,1,9,2014,9,11,2014,1
"125",-0.002824,0.002971,1,9,2014,9,7,2014,1
"126",-0.006541,0,1,9,2014,9,7,2015,1
"127",-0.00572,0,1,9,2014,9,9,2014,1
"128",-0.005104,0.000378,1,9,2014,9,9,2015,1
"129",-0.006302,0,1,9,2015,1,7,2015,1
"130",-0.006483,0,1,9,2015,10,11,2014,1
"131",-0.005294,0.000745,1,9,2015,10,9,2015,1
"132",-0.006013,0,1,9,2015,11,11,2014,1
"133",-0.006664,0,1,9,2015,11,7,2015,1
"134",-0.004242,0.000775,1,9,2015,11,9,2014,1
"135",-0.005884,0,1,9,2015,11,9,2015,1
"136",-0.005495,0,1,9,2015,12,11,2015,1
"137",-0.005738,0,1,9,2015,12,9,2014,1
"138",-0.004925,0.000557,1,9,2015,12,9,2015,1
"139",-0.004929,0.000339,1,9,2015,18,8,2014,1
"140",-0.003928,0.001908,1,9,2015,18,9,2014,1
"141",-0.005907,0,1,9,2015,18,9,2015,1
"142",-0.006049,0,1,9,2015,2,9,2014,1
"143",-0.005496,0,1,9,2015,2,9,2015,1
"144",-0.009993,0,1,9,2015,20,11,2014,1
"145",-0.004679,0.000714,1,9,2015,20,7,2015,1
"146",-0.00615,0,1,9,2015,20,9,2014,1
"147",-0.00554,0,1,9,2015,20,9,2015,1
"148",-0.006969,0,1,9,2015,26,7,2015,1
"149",-0.004875,0.00129,1,9,2015,26,9,2014,1
"150",-0.005839,0,1,9,2015,29,7,2014,1
"151",-0.004829,0.000596,1,9,2015,29,9,2014,1
"152",-0.00524,8.3e-05,1,9,2015,29,9,2015,1
"153",-0.006189,0,1,9,2015,3,7,2015,1
"154",-0.005839,0,1,9,2015,3,9,2014,1
"155",-0.005216,0.000106,1,9,2015,36,7,2014,1
"156",-0.007834,0,1,9,2015,36,7,2015,1
"157",-0.005386,0.000544,1,9,2015,36,9,2014,1
"158",-0.007553,0,1,9,2015,37,7,2015,1
"159",-0.005141,0.000678,1,9,2015,37,9,2015,1
"160",-0.005329,0.000346,1,9,2015,4,9,2014,1
"161",-0.007364,0,1,9,2015,4,9,2015,1
"162",-0.005054,0.000202,1,9,2015,9,11,2014,1
"163",-0.002712,0.003338,1,9,2015,9,7,2014,1
"164",-0.006535,0,1,9,2015,9,7,2015,1
"165",-0.005471,0,1,9,2015,9,9,2014,1
"166",-0.005274,4.9e-05,1,9,2015,9,9,2015,1
"167",-0.007398,0,10,11,2014,1,7,2015,1
"168",-0.00587,0.00026,10,11,2014,10,9,2015,1
"169",-0.00663,0,10,11,2014,11,11,2014,1
"170",-0.005289,0,10,11,2014,11,9,2014,1
"171",-0.006159,0,10,11,2014,11,9,2015,1
"172",-0.006718,0,10,11,2014,12,11,2015,1
"173",-0.007112,0,10,11,2014,12,9,2014,1
"174",-0.005965,0,10,11,2014,18,8,2014,1
"175",-0.004324,0.001593,10,11,2014,18,9,2014,1
"176",-0.007152,0,10,11,2014,18,9,2015,1
"177",-0.006956,0,10,11,2014,2,9,2014,1
"178",-0.006315,0,10,11,2014,2,9,2015,1
"179",-0.011544,0,10,11,2014,20,11,2014,1
"180",-0.005137,0.000274,10,11,2014,20,7,2015,1
"181",-0.006288,0,10,11,2014,20,9,2015,1
"182",-0.008074,0,10,11,2014,26,7,2015,1
"183",-0.005409,0.000924,10,11,2014,26,9,2014,1
"184",-0.007433,0,10,11,2014,29,7,2014,1
"185",-0.00552,0,10,11,2014,29,9,2014,1
"186",-0.006534,0,10,11,2014,29,9,2015,1
"187",-0.007571,0,10,11,2014,3,7,2015,1
"188",-0.006414,0,10,11,2014,3,9,2014,1
"189",-0.006448,0,10,11,2014,36,7,2014,1
"190",-0.009662,0,10,11,2014,36,7,2015,1
"191",-0.006007,0,10,11,2014,36,9,2014,1
"192",-0.009156,0,10,11,2014,37,7,2015,1
"193",-0.006155,0,10,11,2014,37,9,2015,1
"194",-0.006133,0,10,11,2014,4,9,2014,1
"195",-0.008622,0,10,11,2014,4,9,2015,1
"196",-0.006336,0,10,11,2014,9,11,2014,1
"197",-0.003111,0.00294,10,11,2014,9,7,2014,1
"198",-0.00833,0,10,11,2014,9,7,2015,1
"199",-0.006647,0,10,11,2014,9,9,2014,1
"200",-0.006048,0,10,11,2014,9,9,2015,1
"201",-0.008723,0,10,7,2015,1,7,2015,1
"202",-0.007347,0,10,7,2015,1,9,2015,1
"203",-0.00888,0,10,7,2015,10,11,2014,1
"204",-0.004702,0.00195,10,7,2015,10,9,2014,1
"205",-0.0079,0,10,7,2015,10,9,2015,1
"206",-0.008018,0,10,7,2015,11,11,2014,1
"207",-0.009734,0,10,7,2015,11,7,2015,1
"208",-0.006526,0,10,7,2015,11,9,2014,1
"209",-0.007691,0,10,7,2015,11,9,2015,1
"210",-0.008066,0,10,7,2015,12,11,2015,1
"211",-0.008441,0,10,7,2015,12,9,2014,1
"212",-0.006734,0,10,7,2015,12,9,2015,1
"213",-0.006994,0,10,7,2015,18,8,2014,1
"214",-0.005256,0.001149,10,7,2015,18,9,2014,1
"215",-0.007789,0,10,7,2015,18,9,2015,1
"216",-0.008232,0,10,7,2015,2,9,2014,1
"217",-0.007932,0,10,7,2015,2,9,2015,1
"218",-0.014136,0,10,7,2015,20,11,2014,1
"219",-0.006786,0,10,7,2015,20,7,2015,1
"220",-0.008406,0,10,7,2015,20,9,2014,1
"221",-0.006857,0,10,7,2015,20,9,2015,1
"222",-0.009231,0,10,7,2015,26,7,2015,1
"223",-0.006055,0.000904,10,7,2015,26,9,2014,1
"224",-0.006898,0,10,7,2015,26,9,2015,1
"225",-0.008393,0,10,7,2015,29,7,2014,1
"226",-0.007233,0,10,7,2015,29,9,2014,1
"227",-0.007176,0,10,7,2015,29,9,2015,1
"228",-0.008999,0,10,7,2015,3,7,2015,1
"229",-0.007747,0,10,7,2015,3,9,2014,1
"230",-0.006887,0,10,7,2015,3,9,2015,1
"231",-0.007292,0,10,7,2015,36,7,2014,1
"232",-0.0111,0,10,7,2015,36,7,2015,1
"233",-0.007975,0,10,7,2015,36,9,2014,1
"234",-0.011778,0,10,7,2015,37,7,2015,1
"235",-0.006952,0,10,7,2015,37,9,2014,1
"236",-0.007466,0,10,7,2015,37,9,2015,1
"237",-0.006687,0,10,7,2015,39,7,2015,1
"238",-0.008146,0,10,7,2015,39,9,2014,1
"239",-0.007663,0,10,7,2015,4,9,2014,1
"240",-0.010159,0,10,7,2015,4,9,2015,1
"241",-0.007395,0,10,7,2015,9,11,2014,1
"242",-0.004105,0.002326,10,7,2015,9,7,2014,1
"243",-0.009712,0,10,7,2015,9,7,2015,1
"244",-0.007127,0,10,7,2015,9,9,2014,1
"245",-0.007111,0,10,7,2015,9,9,2015,1
"246",-0.006328,0,10,9,2014,1,7,2015,1
"247",-0.003703,0.002215,10,9,2014,1,9,2015,1
"248",-0.003679,0.002447,10,9,2014,10,11,2014,1
"249",-0.007038,0,10,9,2014,10,9,2015,1
"250",-0.003845,0.002032,10,9,2014,11,11,2014,1
"251",-0.003327,0.003231,10,9,2014,11,7,2015,1
"252",-0.001074,0.004784,10,9,2014,11,9,2014,1
"253",-0.005795,0,10,9,2014,11,9,2015,1
"254",-0.004555,0.000953,10,9,2014,12,11,2015,1
"255",-0.003358,0.002656,10,9,2014,12,9,2014,1
"256",-0.003531,0.002178,10,9,2014,12,9,2015,1
"257",-0.004718,0.00059,10,9,2014,18,8,2014,1
"258",-0.005968,0,10,9,2014,18,9,2014,1
"259",-0.005062,0.000536,10,9,2014,18,9,2015,1
"260",-0.005635,0,10,9,2014,2,9,2014,1
"261",-0.002064,0.004049,10,9,2014,2,9,2015,1
"262",-0.008423,0,10,9,2014,20,11,2014,1
"263",-0.005597,0,10,9,2014,20,7,2015,1
"264",-0.003741,0.002172,10,9,2014,20,9,2014,1
"265",-0.002887,0.002971,10,9,2014,20,9,2015,1
"266",-0.005071,0.000723,10,9,2014,26,7,2015,1
"267",-0.004644,0.001257,10,9,2014,26,9,2014,1
"268",-0.00402,0.00182,10,9,2014,29,7,2014,1
"269",-0.003808,0.001781,10,9,2014,29,9,2014,1
"270",-0.003401,0.0022,10,9,2014,29,9,2015,1
"271",-0.006465,0,10,9,2014,3,7,2015,1
"272",-0.005873,0,10,9,2014,3,9,2014,1
"273",-0.003181,0.002953,10,9,2014,3,9,2015,1
"274",-0.003603,0.001916,10,9,2014,36,7,2014,1
"275",-0.005791,0.000698,10,9,2014,36,7,2015,1
"276",-0.007587,0,10,9,2014,36,9,2014,1
"277",-0.008553,0,10,9,2014,37,7,2015,1
"278",-0.005089,0.000702,10,9,2014,37,9,2015,1
"279",-0.003939,0.001611,10,9,2014,39,9,2014,1
"280",-0.004746,0.000896,10,9,2014,4,9,2014,1
"281",-0.008021,0,10,9,2014,4,9,2015,1
"282",-0.00455,0.000849,10,9,2014,9,11,2014,1
"283",-0.005645,0,10,9,2014,9,7,2014,1
"284",-0.003252,0.003919,10,9,2014,9,7,2015,1
"285",-0.003881,0.001709,10,9,2014,9,9,2014,1
"286",-0.003552,0.002118,10,9,2014,9,9,2015,1
"287",-0.00671,0,10,9,2015,11,11,2014,1
"288",-0.003229,0.002426,10,9,2015,11,9,2014,1
"289",-0.008193,0,10,9,2015,11,9,2015,1
"290",-0.006219,0,10,9,2015,12,11,2015,1
"291",-0.006393,0,10,9,2015,18,8,2014,1
"292",-0.00744,0,10,9,2015,2,9,2014,1
"293",-0.004486,0.001472,10,9,2015,2,9,2015,1
"294",-0.011319,0,10,9,2015,20,11,2014,1
"295",-0.004515,0.001362,10,9,2015,20,9,2015,1
"296",-0.007752,0,10,9,2015,26,7,2015,1
"297",-0.006178,0,10,9,2015,29,9,2014,1
"298",-0.005248,0.000361,10,9,2015,29,9,2015,1
"299",-0.008293,0,10,9,2015,3,7,2015,1
"300",-0.007571,0,10,9,2015,3,9,2014,1
"301",-0.005724,0,10,9,2015,36,7,2014,1
"302",-0.008487,0,10,9,2015,36,7,2015,1
"303",-0.009494,0,10,9,2015,36,9,2014,1
"304",-0.010857,0,10,9,2015,37,7,2015,1
"305",-0.006842,0,10,9,2015,4,9,2014,1
"306",-0.005748,0.001119,10,9,2015,9,7,2015,1
"307",-0.005512,0,11,11,2014,18,8,2014,1
"308",-0.005841,0,11,11,2014,2,9,2015,1
"309",-0.010686,0,11,11,2014,20,11,2014,1
"310",-0.007416,0,11,11,2014,26,7,2015,1
"311",-0.005483,5.3e-05,11,11,2014,29,9,2015,1
"312",-0.006338,0,11,11,2014,3,7,2015,1
"313",-0.00663,0,11,11,2014,9,7,2015,1
"314",-0.006438,0,11,11,2015,1,11,2015,1
"315",-0.007052,0,11,11,2015,1,7,2015,1
"316",-0.006242,0,11,11,2015,1,9,2015,1
"317",-0.007124,0,11,11,2015,10,11,2014,1
"318",-0.00881,0,11,11,2015,10,7,2015,1
"319",-0.00417,0.001601,11,11,2015,10,9,2014,1
"320",-0.0063,0,11,11,2015,10,9,2015,1
"321",-0.006378,0,11,11,2015,11,11,2014,1
"322",-0.007269,0,11,11,2015,11,7,2015,1
"323",-0.004798,0.000133,11,11,2015,11,9,2014,1
"324",-0.006237,0,11,11,2015,11,9,2015,1
"325",-0.006328,0,11,11,2015,12,11,2015,1
"326",-0.010161,0,11,11,2015,12,7,2015,1
"327",-0.006057,0,11,11,2015,12,9,2014,1
"328",-0.005138,0.000384,11,11,2015,12,9,2015,1
"329",-0.005319,0,11,11,2015,18,8,2014,1
"330",-0.004676,0.000968,11,11,2015,18,9,2014,1
"331",-0.006208,0,11,11,2015,18,9,2015,1
"332",-0.006204,0,11,11,2015,2,9,2014,1
"333",-0.006036,0,11,11,2015,2,9,2015,1
"334",-0.011458,0,11,11,2015,20,11,2014,1
"335",-0.005383,0,11,11,2015,20,7,2015,1
"336",-0.00672,0,11,11,2015,20,9,2014,1
"337",-0.005658,0,11,11,2015,20,9,2015,1
"338",-0.007628,0,11,11,2015,26,7,2015,1
"339",-0.005339,0.000791,11,11,2015,26,9,2014,1
"340",-0.005816,0,11,11,2015,26,9,2015,1
"341",-0.006721,0,11,11,2015,29,7,2014,1
"342",-0.005424,0,11,11,2015,29,9,2014,1
"343",-0.006022,0,11,11,2015,29,9,2015,1
"344",-0.006746,0,11,11,2015,3,7,2015,1
"345",-0.005829,0,11,11,2015,3,9,2014,1
"346",-0.005986,0,11,11,2015,3,9,2015,1
"347",-0.005677,0,11,11,2015,36,7,2014,1
"348",-0.008937,0,11,11,2015,36,7,2015,1
"349",-0.005786,0.000212,11,11,2015,36,9,2014,1
"350",-0.008515,0,11,11,2015,37,7,2015,1
"351",-0.005205,3.8e-05,11,11,2015,37,9,2014,1
"352",-0.005908,0,11,11,2015,37,9,2015,1
"353",-0.005041,0.000356,11,11,2015,39,7,2015,1
"354",-0.006013,0,11,11,2015,39,9,2014,1
"355",-0.004628,0.00097,11,11,2015,39,9,2015,1
"356",-0.004135,0.001323,11,11,2015,4,7,2015,1
"357",-0.005419,0.000422,11,11,2015,4,9,2014,1
"358",-0.008107,0,11,11,2015,4,9,2015,1
"359",-0.005724,0,11,11,2015,9,11,2014,1
"360",-0.00298,0.003005,11,11,2015,9,7,2014,1
"361",-0.007058,0,11,11,2015,9,7,2015,1
"362",-0.005748,0,11,11,2015,9,9,2014,1
"363",-0.005608,0,11,11,2015,9,9,2015,1
"364",-0.007281,0,11,7,2015,1,7,2015,1
"365",-0.007726,0,11,7,2015,10,11,2014,1
"366",-0.006305,4.6e-05,11,7,2015,10,9,2015,1
"367",-0.007028,0,11,7,2015,11,11,2014,1
"368",-0.005335,0,11,7,2015,11,9,2014,1
"369",-0.006279,6e-05,11,7,2015,11,9,2015,1
"370",-0.006489,0,11,7,2015,12,11,2015,1
"371",-0.007275,0,11,7,2015,12,9,2014,1
"372",-0.00552,0.000455,11,7,2015,12,9,2015,1
"373",-0.005917,0,11,7,2015,18,8,2014,1
"374",-0.004445,0.001747,11,7,2015,18,9,2014,1
"375",-0.006905,0,11,7,2015,18,9,2015,1
"376",-0.006734,0,11,7,2015,2,9,2014,1
"377",-0.006787,0,11,7,2015,2,9,2015,1
"378",-0.011531,0,11,7,2015,20,11,2014,1
"379",-0.005694,0,11,7,2015,20,7,2015,1
"380",-0.005919,0,11,7,2015,20,9,2015,1
"381",-0.007975,0,11,7,2015,26,7,2015,1
"382",-0.005363,0.001281,11,7,2015,26,9,2014,1
"383",-0.006911,0,11,7,2015,29,7,2014,1
"384",-0.006232,0,11,7,2015,29,9,2014,1
"385",-0.006297,0,11,7,2015,29,9,2015,1
"386",-0.007856,0,11,7,2015,3,7,2015,1
"387",-0.006414,0,11,7,2015,3,9,2014,1
"388",-0.006278,0,11,7,2015,36,7,2014,1
"389",-0.009316,0,11,7,2015,36,7,2015,1
"390",-0.005667,0.000647,11,7,2015,36,9,2014,1
"391",-0.009078,0,11,7,2015,37,7,2015,1
"392",-0.006269,0,11,7,2015,37,9,2015,1
"393",-0.005938,0.000143,11,7,2015,4,9,2014,1
"394",-0.008347,0,11,7,2015,4,9,2015,1
"395",-0.005948,0,11,7,2015,9,11,2014,1
"396",-0.002469,0.004104,11,7,2015,9,7,2014,1
"397",-0.008182,0,11,7,2015,9,7,2015,1
"398",-0.006369,0,11,7,2015,9,9,2014,1
"399",-0.00603,0,11,7,2015,9,9,2015,1
"400",-0.004353,0.001013,11,9,2014,11,11,2014,1
"401",-0.003487,0.002254,11,9,2014,11,9,2015,1
"402",-0.004305,0.000592,11,9,2014,12,11,2015,1
"403",-0.003936,0.000729,11,9,2014,18,8,2014,1
"404",-0.004516,0.000294,11,9,2014,2,9,2014,1
"405",-0.004712,0,11,9,2014,2,9,2015,1
"406",-0.007904,0,11,9,2014,20,11,2014,1
"407",-0.00417,0.000878,11,9,2014,20,9,2015,1
"408",-0.005196,3e-06,11,9,2014,26,7,2015,1
"409",-0.003999,0.000912,11,9,2014,29,9,2014,1
"410",-0.003841,0.001251,11,9,2014,29,9,2015,1
"411",-0.004995,0.00037,11,9,2014,3,7,2015,1
"412",-0.005282,0,11,9,2014,3,9,2014,1
"413",-0.004189,0.000757,11,9,2014,36,7,2014,1
"414",-0.005819,0,11,9,2014,36,7,2015,1
"415",-0.003529,0.001957,11,9,2014,36,9,2014,1
"416",-0.006161,0,11,9,2014,37,7,2015,1
"417",-0.00388,0.001411,11,9,2014,4,9,2014,1
"418",-0.00618,0,11,9,2014,9,7,2015,1
"419",-0.006442,0,11,9,2015,11,11,2014,1
"420",-0.005769,0,11,9,2015,18,8,2014,1
"421",-0.004935,0.000983,11,9,2015,2,9,2015,1
"422",-0.011343,0,11,9,2015,20,11,2014,1
"423",-0.005386,0.000398,11,9,2015,20,9,2015,1
"424",-0.008187,0,11,9,2015,26,7,2015,1
"425",-0.005853,0,11,9,2015,29,9,2015,1
"426",-0.007505,0,11,9,2015,3,7,2015,1
"427",-0.008631,0,11,9,2015,36,7,2015,1
"428",-0.005746,0.001356,11,9,2015,9,7,2015,1
"429",-0.005964,0,12,11,2015,11,11,2014,1
"430",-0.006078,0,12,11,2015,11,9,2015,1
"431",-0.006089,0,12,11,2015,18,8,2014,1
"432",-0.006856,0,12,11,2015,2,9,2014,1
"433",-0.005355,0,12,11,2015,2,9,2015,1
"434",-0.010832,0,12,11,2015,20,11,2014,1
"435",-0.005263,0,12,11,2015,20,9,2015,1
"436",-0.006859,0,12,11,2015,26,7,2015,1
"437",-0.005393,0,12,11,2015,29,9,2014,1
"438",-0.00582,0,12,11,2015,29,9,2015,1
"439",-0.007619,0,12,11,2015,3,7,2015,1
"440",-0.005323,0,12,11,2015,36,7,2014,1
"441",-0.008879,0,12,11,2015,36,7,2015,1
"442",-0.005594,8.2e-05,12,11,2015,4,9,2014,1
"443",-0.007169,0,12,11,2015,9,7,2015,1
"444",-0.011458,0,12,7,2015,1,7,2015,1
"445",-0.009153,0,12,7,2015,1,9,2015,1
"446",-0.010665,0,12,7,2015,10,11,2014,1
"447",-0.012928,0,12,7,2015,10,7,2015,1
"448",-0.007956,0,12,7,2015,10,9,2014,1
"449",-0.010821,0,12,7,2015,10,9,2015,1
"450",-0.009971,0,12,7,2015,11,11,2014,1
"451",-0.010878,0,12,7,2015,11,7,2015,1
"452",-0.006972,0,12,7,2015,11,9,2014,1
"453",-0.01108,0,12,7,2015,11,9,2015,1
"454",-0.01035,0,12,7,2015,12,11,2015,1
"455",-0.00985,0,12,7,2015,12,9,2014,1
"456",-0.008542,0,12,7,2015,12,9,2015,1
"457",-0.009498,0,12,7,2015,18,8,2014,1
"458",-0.009132,0,12,7,2015,18,9,2014,1
"459",-0.010565,0,12,7,2015,18,9,2015,1
"460",-0.011078,0,12,7,2015,2,9,2014,1
"461",-0.008868,0,12,7,2015,2,9,2015,1
"462",-0.017525,0,12,7,2015,20,11,2014,1
"463",-0.009363,0,12,7,2015,20,7,2015,1
"464",-0.010217,0,12,7,2015,20,9,2014,1
"465",-0.008978,0,12,7,2015,20,9,2015,1
"466",-0.011954,0,12,7,2015,26,7,2015,1
"467",-0.009807,0,12,7,2015,26,9,2014,1
"468",-0.009497,0,12,7,2015,26,9,2015,1
"469",-0.010226,0,12,7,2015,29,7,2014,1
"470",-0.008604,0,12,7,2015,29,9,2014,1
"471",-0.009174,0,12,7,2015,29,9,2015,1
"472",-0.011945,0,12,7,2015,3,7,2015,1
"473",-0.010859,0,12,7,2015,3,9,2014,1
"474",-0.008635,0,12,7,2015,3,9,2015,1
"475",-0.009218,0,12,7,2015,36,7,2014,1
"476",-0.013963,0,12,7,2015,36,7,2015,1
"477",-0.011363,0,12,7,2015,36,9,2014,1
"478",-0.014638,0,12,7,2015,37,7,2015,1
"479",-0.0096,0,12,7,2015,37,9,2014,1
"480",-0.010682,0,12,7,2015,37,9,2015,1
"481",-0.009112,0,12,7,2015,39,7,2015,1
"482",-0.00935,0,12,7,2015,39,9,2014,1
"483",-0.008666,0,12,7,2015,39,9,2015,1
"484",-0.008817,0,12,7,2015,4,7,2015,1
"485",-0.009911,0,12,7,2015,4,9,2014,1
"486",-0.014284,0,12,7,2015,4,9,2015,1
"487",-0.010208,0,12,7,2015,9,11,2014,1
"488",-0.007421,0,12,7,2015,9,7,2014,1
"489",-0.011201,0,12,7,2015,9,7,2015,1
"490",-0.009495,0,12,7,2015,9,9,2014,1
"491",-0.009143,0,12,7,2015,9,9,2015,1
"492",-0.00667,0,12,9,2014,1,7,2015,1
"493",-0.004993,0.001109,12,9,2014,10,9,2015,1
"494",-0.005918,0,12,9,2014,11,11,2014,1
"495",-0.005074,0,12,9,2014,11,9,2014,1
"496",-0.00562,0.000481,12,9,2014,11,9,2015,1
"497",-0.006226,0,12,9,2014,12,11,2015,1
"498",-0.006116,0,12,9,2014,18,8,2014,1
"499",-0.003778,0.002105,12,9,2014,18,9,2014,1
"500",-0.006476,0,12,9,2014,18,9,2015,1
"501",-0.006493,0,12,9,2014,2,9,2014,1
"502",-0.006214,0,12,9,2014,2,9,2015,1
"503",-0.010384,0,12,9,2014,20,11,2014,1
"504",-0.005711,0,12,9,2014,20,9,2015,1
"505",-0.007207,0,12,9,2014,26,7,2015,1
"506",-0.004522,0.001844,12,9,2014,26,9,2014,1
"507",-0.006802,0,12,9,2014,29,7,2014,1
"508",-0.005624,0,12,9,2014,29,9,2014,1
"509",-0.005599,0,12,9,2014,29,9,2015,1
"510",-0.007463,0,12,9,2014,3,7,2015,1
"511",-0.006379,0,12,9,2014,3,9,2014,1
"512",-0.006261,0,12,9,2014,36,7,2014,1
"513",-0.00843,0,12,9,2014,36,7,2015,1
"514",-0.005645,1.4e-05,12,9,2014,36,9,2014,1
"515",-0.009042,0,12,9,2014,37,7,2015,1
"516",-0.0061,0,12,9,2014,4,9,2014,1
"517",-0.007655,0,12,9,2014,4,9,2015,1
"518",-0.005786,0,12,9,2014,9,11,2014,1
"519",-0.002748,0.003171,12,9,2014,9,7,2014,1
"520",-0.008345,0,12,9,2014,9,7,2015,1
"521",-0.006296,0,12,9,2015,1,7,2015,1
"522",-0.0059,0,12,9,2015,10,11,2014,1
"523",-0.005251,0.000557,12,9,2015,10,9,2015,1
"524",-0.005394,0.000225,12,9,2015,11,11,2014,1
"525",-0.003555,0.001691,12,9,2015,11,9,2014,1
"526",-0.0061,0,12,9,2015,11,9,2015,1
"527",-0.005041,0.000416,12,9,2015,12,11,2015,1
"528",-0.004963,0.000619,12,9,2015,12,9,2014,1
"529",-0.004675,0.000609,12,9,2015,18,8,2014,1
"530",-0.003968,0.001665,12,9,2015,18,9,2014,1
"531",-0.005656,0,12,9,2015,18,9,2015,1
"532",-0.005419,0,12,9,2015,2,9,2014,1
"533",-0.004511,0.000958,12,9,2015,2,9,2015,1
"534",-0.009389,0,12,9,2015,20,11,2014,1
"535",-0.004336,0.000972,12,9,2015,20,7,2015,1
"536",-0.004898,0.000542,12,9,2015,20,9,2015,1
"537",-0.006424,0,12,9,2015,26,7,2015,1
"538",-0.004977,0.001017,12,9,2015,26,9,2014,1
"539",-0.005483,9.5e-05,12,9,2015,29,7,2014,1
"540",-0.00467,0.000785,12,9,2015,29,9,2014,1
"541",-0.004953,0.000399,12,9,2015,29,9,2015,1
"542",-0.005958,4.2e-05,12,9,2015,3,7,2015,1
"543",-0.005462,0,12,9,2015,3,9,2014,1
"544",-0.005197,0.00011,12,9,2015,36,7,2014,1
"545",-0.007072,0,12,9,2015,36,7,2015,1
"546",-0.005161,0.000561,12,9,2015,36,9,2014,1
"547",-0.007264,0,12,9,2015,37,7,2015,1
"548",-0.004805,0.000998,12,9,2015,37,9,2015,1
"549",-0.005504,5.4e-05,12,9,2015,4,9,2014,1
"550",-0.006929,0,12,9,2015,4,9,2015,1
"551",-0.004504,0.00089,12,9,2015,9,11,2014,1
"552",-0.002412,0.003427,12,9,2015,9,7,2014,1
"553",-0.005489,0.000915,12,9,2015,9,7,2015,1
"554",-0.005093,0.000249,12,9,2015,9,9,2014,1
"555",-0.004883,0.000531,12,9,2015,9,9,2015,1
"556",-0.005207,0,18,8,2014,2,9,2015,0
"557",-0.009795,0,18,8,2014,20,11,2014,0
"558",-0.006403,0,18,8,2014,26,7,2015,0
"559",-0.004983,0,18,8,2014,29,9,2015,0
"560",-0.007939,0,18,8,2014,3,7,2015,0
"561",-0.007265,0,18,8,2014,9,7,2015,0
"562",-0.007209,0,18,9,2014,10,9,2015,1
"563",-0.004231,0.001546,18,9,2014,11,11,2014,1
"564",-0.001842,0.003795,18,9,2014,11,9,2014,1
"565",-0.006392,0,18,9,2014,11,9,2015,1
"566",-0.004775,0.000701,18,9,2014,12,11,2015,1
"567",-0.005392,0,18,9,2014,18,8,2014,1
"568",-0.006011,0,18,9,2014,2,9,2014,1
"569",-0.003335,0.002351,18,9,2014,2,9,2015,1
"570",-0.009128,0,18,9,2014,20,11,2014,1
"571",-0.003629,0.002025,18,9,2014,20,9,2015,1
"572",-0.005556,0.000129,18,9,2014,26,7,2015,1
"573",-0.005293,0.000518,18,9,2014,26,9,2014,1
"574",-0.004516,0.000963,18,9,2014,29,9,2014,1
"575",-0.004268,0.001116,18,9,2014,29,9,2015,1
"576",-0.007187,0,18,9,2014,3,7,2015,1
"577",-0.005941,0,18,9,2014,3,9,2014,1
"578",-0.004214,0.001174,18,9,2014,36,7,2014,1
"579",-0.006194,0.000136,18,9,2014,36,7,2015,1
"580",-0.007289,0,18,9,2014,36,9,2014,1
"581",-0.009113,0,18,9,2014,37,7,2015,1
"582",-0.005045,0.000589,18,9,2014,4,9,2014,1
"583",-0.00543,0,18,9,2014,9,7,2014,1
"584",-0.004366,0.002367,18,9,2014,9,7,2015,1
"585",-0.007152,0,18,9,2015,10,9,2015,1
"586",-0.006771,0,18,9,2015,11,11,2014,1
"587",-0.004359,0.000687,18,9,2015,11,9,2014,1
"588",-0.007122,0,18,9,2015,11,9,2015,1
"589",-0.006391,0,18,9,2015,12,11,2015,1
"590",-0.006403,0,18,9,2015,18,8,2014,1
"591",-0.005478,0,18,9,2015,18,9,2014,1
"592",-0.007766,0,18,9,2015,2,9,2014,1
"593",-0.005819,0,18,9,2015,2,9,2015,1
"594",-0.010911,0,18,9,2015,20,11,2014,1
"595",-0.005438,0,18,9,2015,20,9,2015,1
"596",-0.008097,0,18,9,2015,26,7,2015,1
"597",-0.006286,0,18,9,2015,26,9,2014,1
"598",-0.006766,0,18,9,2015,29,7,2014,1
"599",-0.006033,0,18,9,2015,29,9,2014,1
"600",-0.005858,0,18,9,2015,29,9,2015,1
"601",-0.00813,0,18,9,2015,3,7,2015,1
"602",-0.007507,0,18,9,2015,3,9,2014,1
"603",-0.006437,0,18,9,2015,36,7,2014,1
"604",-0.008854,0,18,9,2015,36,7,2015,1
"605",-0.007588,0,18,9,2015,36,9,2014,1
"606",-0.010003,0,18,9,2015,37,7,2015,1
"607",-0.007127,0,18,9,2015,4,9,2014,1
"608",-0.008994,0,18,9,2015,4,9,2015,1
"609",-0.006157,0,18,9,2015,9,11,2014,1
"610",-0.004471,0.001002,18,9,2015,9,7,2014,1
"611",-0.007594,0,18,9,2015,9,7,2015,1
"612",-0.006849,0,2,9,2014,11,11,2014,1
"613",-0.006852,0,2,9,2014,11,9,2015,1
"614",-0.006576,0,2,9,2014,18,8,2014,1
"615",-0.00583,0,2,9,2014,2,9,2015,1
"616",-0.010912,0,2,9,2014,20,11,2014,1
"617",-0.005714,0,2,9,2014,20,9,2015,1
"618",-0.007794,0,2,9,2014,26,7,2015,1
"619",-0.006006,0,2,9,2014,29,9,2014,1
"620",-0.005567,0,2,9,2014,29,9,2015,1
"621",-0.008202,0,2,9,2014,3,7,2015,1
"622",-0.006427,0,2,9,2014,36,7,2014,1
"623",-0.00864,0,2,9,2014,36,7,2015,1
"624",-0.007734,0,2,9,2014,9,7,2015,1
"625",-0.005181,0,2,9,2015,29,9,2015,1
"626",-0.007806,0,2,9,2015,9,7,2015,1
"627",-0.010001,0,20,11,2014,2,9,2015,0
"628",-0.00998,0,20,11,2014,29,9,2015,0
"629",-0.011789,0,20,11,2014,3,7,2015,0
"630",-0.012029,0,20,11,2014,9,7,2015,0
"631",-0.00692,0,20,7,2015,1,7,2015,1
"632",-0.007242,0,20,7,2015,10,9,2015,1
"633",-0.005279,3.8e-05,20,7,2015,11,11,2014,1
"634",-0.003385,0.001527,20,7,2015,11,9,2014,1
"635",-0.006186,0,20,7,2015,11,9,2015,1
"636",-0.005784,0,20,7,2015,12,11,2015,1
"637",-0.005194,0,20,7,2015,12,9,2014,1
"638",-0.006045,0,20,7,2015,18,8,2014,1
"639",-0.005855,0,20,7,2015,18,9,2014,1
"640",-0.006273,0,20,7,2015,18,9,2015,1
"641",-0.006454,0,20,7,2015,2,9,2014,1
"642",-0.004642,0.000351,20,7,2015,2,9,2015,1
"643",-0.009521,0,20,7,2015,20,11,2014,1
"644",-0.004553,0.000577,20,7,2015,20,9,2015,1
"645",-0.006109,0,20,7,2015,26,7,2015,1
"646",-0.005096,0.000567,20,7,2015,26,9,2014,1
"647",-0.004954,0.000422,20,7,2015,29,7,2014,1
"648",-0.005597,0,20,7,2015,29,9,2014,1
"649",-0.00451,0.00056,20,7,2015,29,9,2015,1
"650",-0.007569,0,20,7,2015,3,7,2015,1
"651",-0.00672,0,20,7,2015,3,9,2014,1
"652",-0.00492,5.1e-05,20,7,2015,36,7,2014,1
"653",-0.007085,0,20,7,2015,36,7,2015,1
"654",-0.007512,0,20,7,2015,36,9,2014,1
"655",-0.009824,0,20,7,2015,37,7,2015,1
"656",-0.005594,0,20,7,2015,4,9,2014,1
"657",-0.008472,0,20,7,2015,4,9,2015,1
"658",-0.005749,0,20,7,2015,9,11,2014,1
"659",-0.00513,0,20,7,2015,9,7,2014,1
"660",-0.006404,0,20,7,2015,9,7,2015,1
"661",-0.006897,0,20,9,2014,1,7,2015,0
"662",-0.00737,0,20,9,2014,10,11,2014,0
"663",-0.005562,0.000468,20,9,2014,10,9,2015,0
"664",-0.006229,0,20,9,2014,11,11,2014,0
"665",-0.006858,0,20,9,2014,11,7,2015,0
"666",-0.004867,8.4e-05,20,9,2014,11,9,2014,0
"667",-0.006182,0,20,9,2014,11,9,2015,0
"668",-0.006267,0,20,9,2014,12,11,2015,0
"669",-0.006771,0,20,9,2014,12,9,2014,0
"670",-0.00522,0.000354,20,9,2014,12,9,2015,0
"671",-0.00546,0,20,9,2014,18,8,2014,0
"672",-0.004145,0.00167,20,9,2014,18,9,2014,0
"673",-0.006484,0,20,9,2014,18,9,2015,0
"674",-0.006443,0,20,9,2014,2,9,2014,0
"675",-0.005553,0,20,9,2014,2,9,2015,0
"676",-0.010736,0,20,9,2014,20,11,2014,0
"677",-0.004929,0.000361,20,9,2014,20,7,2015,0
"678",-0.005944,0,20,9,2014,20,9,2015,0
"679",-0.007955,0,20,9,2014,26,7,2015,0
"680",-0.005178,0.001028,20,9,2014,26,9,2014,0
"681",-0.006954,0,20,9,2014,29,7,2014,0
"682",-0.005304,9.7e-05,20,9,2014,29,9,2014,0
"683",-0.005888,0,20,9,2014,29,9,2015,0
"684",-0.006763,0,20,9,2014,3,7,2015,0
"685",-0.006473,0,20,9,2014,3,9,2014,0
"686",-0.005947,0,20,9,2014,36,7,2014,0
"687",-0.008924,0,20,9,2014,36,7,2015,0
"688",-0.005926,0,20,9,2014,36,9,2014,0
"689",-0.008091,0,20,9,2014,37,7,2015,0
"690",-0.005603,9.8e-05,20,9,2014,37,9,2015,0
"691",-0.006386,0,20,9,2014,4,9,2014,0
"692",-0.008342,0,20,9,2014,4,9,2015,0
"693",-0.005274,0,20,9,2014,9,11,2014,0
"694",-0.002718,0.003256,20,9,2014,9,7,2014,0
"695",-0.007428,0,20,9,2014,9,7,2015,0
"696",-0.006029,0,20,9,2014,9,9,2014,0
"697",-0.005458,0,20,9,2014,9,9,2015,0
"698",-0.005499,0.000135,20,9,2015,11,11,2014,1
"699",-0.004794,0.000302,20,9,2015,18,8,2014,1
"700",-0.005133,6.9e-05,20,9,2015,2,9,2015,1
"701",-0.009619,0,20,9,2015,20,11,2014,1
"702",-0.006519,0,20,9,2015,26,7,2015,1
"703",-0.005345,0,20,9,2015,29,9,2015,1
"704",-0.005783,4.4e-05,20,9,2015,3,7,2015,1
"705",-0.006333,0,20,9,2015,9,7,2015,1
"706",-0.006773,0,26,7,2015,2,9,2015,1
"707",-0.012963,0,26,7,2015,20,11,2014,1
"708",-0.006777,0,26,7,2015,29,9,2015,1
"709",-0.00817,0,26,7,2015,3,7,2015,1
"710",-0.008286,0,26,7,2015,9,7,2015,1
"711",-0.00699,0,26,9,2014,10,9,2015,0
"712",-0.005609,0.00056,26,9,2014,11,11,2014,0
"713",-0.002922,0.003122,26,9,2014,11,9,2014,0
"714",-0.007291,0,26,9,2014,11,9,2015,0
"715",-0.005054,0.001053,26,9,2014,12,11,2015,0
"716",-0.004496,0.001507,26,9,2014,18,8,2014,0
"717",-0.006131,0,26,9,2014,2,9,2014,0
"718",-0.003985,0.002237,26,9,2014,2,9,2015,0
"719",-0.010116,0,26,9,2014,20,11,2014,0
"720",-0.005079,0.00086,26,9,2014,20,9,2015,0
"721",-0.007582,0,26,9,2014,26,7,2015,0
"722",-0.004809,0.001199,26,9,2014,29,9,2014,0
"723",-0.004961,0.000898,26,9,2014,29,9,2015,0
"724",-0.006448,0.000124,26,9,2014,3,7,2015,0
"725",-0.006864,0,26,9,2014,3,9,2014,0
"726",-0.005329,0.000498,26,9,2014,36,7,2014,0
"727",-0.007631,0,26,9,2014,36,7,2015,0
"728",-0.00644,0,26,9,2014,36,9,2014,0
"729",-0.007518,6.3e-05,26,9,2014,37,7,2015,0
"730",-0.006471,0,26,9,2014,4,9,2014,0
"731",-0.003529,0.002467,26,9,2014,9,7,2014,0
"732",-0.005003,0.002282,26,9,2014,9,7,2015,0
"733",-0.006707,0,26,9,2015,1,7,2015,1
"734",-0.005577,4.9e-05,26,9,2015,1,9,2015,1
"735",-0.006305,0,26,9,2015,10,11,2014,1
"736",-0.003559,0.002405,26,9,2015,10,9,2014,1
"737",-0.005341,0.000708,26,9,2015,10,9,2015,1
"738",-0.006007,0,26,9,2015,11,11,2014,1
"739",-0.006167,0,26,9,2015,11,7,2015,1
"740",-0.003527,0.002068,26,9,2015,11,9,2014,1
"741",-0.006409,0,26,9,2015,11,9,2015,1
"742",-0.005356,0.000293,26,9,2015,12,11,2015,1
"743",-0.00541,0.000414,26,9,2015,12,9,2014,1
"744",-0.005118,0.000547,26,9,2015,12,9,2015,1
"745",-0.004692,0.000848,26,9,2015,18,8,2014,1
"746",-0.004121,0.001702,26,9,2015,18,9,2014,1
"747",-0.006016,0,26,9,2015,18,9,2015,1
"748",-0.005687,0,26,9,2015,2,9,2014,1
"749",-0.004916,0.000766,26,9,2015,2,9,2015,1
"750",-0.010173,0,26,9,2015,20,11,2014,1
"751",-0.004424,0.001172,26,9,2015,20,7,2015,1
"752",-0.005877,0,26,9,2015,20,9,2014,1
"753",-0.005196,0.000494,26,9,2015,20,9,2015,1
"754",-0.006847,0,26,9,2015,26,7,2015,1
"755",-0.005398,0.000786,26,9,2015,26,9,2014,1
"756",-0.006159,0,26,9,2015,29,7,2014,1
"757",-0.00463,0.001132,26,9,2015,29,9,2014,1
"758",-0.005265,0.00034,26,9,2015,29,9,2015,1
"759",-0.006366,0,26,9,2015,3,7,2015,1
"760",-0.005634,0.000107,26,9,2015,3,9,2014,1
"761",-0.005473,0.000243,26,9,2015,3,9,2015,1
"762",-0.005406,0.000166,26,9,2015,36,7,2014,1
"763",-0.007601,0,26,9,2015,36,7,2015,1
"764",-0.005368,0.000606,26,9,2015,36,9,2014,1
"765",-0.00738,0,26,9,2015,37,7,2015,1
"766",-0.00559,0.000297,26,9,2015,37,9,2015,1
"767",-0.005446,1e-06,26,9,2015,39,9,2014,1
"768",-0.005729,0.000118,26,9,2015,4,9,2014,1
"769",-0.007481,0,26,9,2015,4,9,2015,1
"770",-0.005244,0.000214,26,9,2015,9,11,2014,1
"771",-0.002278,0.003916,26,9,2015,9,7,2014,1
"772",-0.006022,0.000498,26,9,2015,9,7,2015,1
"773",-0.005619,0,26,9,2015,9,9,2014,1
"774",-0.005483,4.7e-05,26,9,2015,9,9,2015,1
"775",-0.006122,0,29,7,2014,10,9,2015,0
"776",-0.006497,0,29,7,2014,11,11,2014,0
"777",-0.004848,0.000223,29,7,2014,11,9,2014,0
"778",-0.006941,0,29,7,2014,11,9,2015,0
"779",-0.005938,0,29,7,2014,12,11,2015,0
"780",-0.005489,0,29,7,2014,18,8,2014,0
"781",-0.004253,0.001565,29,7,2014,18,9,2014,0
"782",-0.006574,0,29,7,2014,2,9,2014,0
"783",-0.005339,0.000115,29,7,2014,2,9,2015,0
"784",-0.011409,0,29,7,2014,20,11,2014,0
"785",-0.005609,0,29,7,2014,20,9,2015,0
"786",-0.008273,0,29,7,2014,26,7,2015,0
"787",-0.005661,0.000578,29,7,2014,26,9,2014,0
"788",-0.005275,0.000172,29,7,2014,29,9,2014,0
"789",-0.005855,0,29,7,2014,29,9,2015,0
"790",-0.006741,0,29,7,2014,3,7,2015,0
"791",-0.006898,0,29,7,2014,3,9,2014,0
"792",-0.006569,0,29,7,2014,36,7,2014,0
"793",-0.008723,0,29,7,2014,36,7,2015,0
"794",-0.006349,0,29,7,2014,36,9,2014,0
"795",-0.008476,0,29,7,2014,37,7,2015,0
"796",-0.006687,0,29,7,2014,4,9,2014,0
"797",-0.005234,0.000146,29,7,2014,9,11,2014,0
"798",-0.00339,0.002419,29,7,2014,9,7,2014,0
"799",-0.007366,0,29,7,2014,9,7,2015,0
"800",-0.00548,6e-05,29,9,2014,11,11,2014,0
"801",-0.005679,0.000102,29,9,2014,11,9,2015,0
"802",-0.005334,0,29,9,2014,18,8,2014,0
"803",-0.005097,0,29,9,2014,2,9,2015,0
"804",-0.00935,0,29,9,2014,20,11,2014,0
"805",-0.004353,0.001058,29,9,2014,20,9,2015,0
"806",-0.006677,0,29,9,2014,26,7,2015,0
"807",-0.004733,0.000497,29,9,2014,29,9,2015,0
"808",-0.006905,0,29,9,2014,3,7,2015,0
"809",-0.006601,0,29,9,2014,36,7,2015,0
"810",-0.006368,0,29,9,2014,9,7,2015,0
"811",-0.006696,0,3,7,2015,2,9,2015,1
"812",-0.006086,0,3,7,2015,29,9,2015,1
"813",-0.009061,0,3,7,2015,9,7,2015,1
"814",-0.00616,0,3,9,2014,11,11,2014,1
"815",-0.007575,0,3,9,2014,11,9,2015,1
"816",-0.006086,0,3,9,2014,12,11,2015,1
"817",-0.006505,0,3,9,2014,18,8,2014,1
"818",-0.008067,0,3,9,2014,2,9,2014,1
"819",-0.005379,0,3,9,2014,2,9,2015,1
"820",-0.010912,0,3,9,2014,20,11,2014,1
"821",-0.005716,0,3,9,2014,20,9,2015,1
"822",-0.008467,0,3,9,2014,26,7,2015,1
"823",-0.005954,0,3,9,2014,29,9,2014,1
"824",-0.005159,0.000227,3,9,2014,29,9,2015,1
"825",-0.008332,0,3,9,2014,3,7,2015,1
"826",-0.006505,0,3,9,2014,36,7,2014,1
"827",-0.008513,0,3,9,2014,36,7,2015,1
"828",-0.007825,0,3,9,2014,4,9,2014,1
"829",-0.008089,0,3,9,2014,9,7,2015,1
"830",-0.005594,0.000231,3,9,2015,1,7,2015,1
"831",-0.00578,0,3,9,2015,1,9,2015,1
"832",-0.006172,0,3,9,2015,10,11,2014,1
"833",-0.005035,0.001136,3,9,2015,10,9,2015,1
"834",-0.005559,0.000193,3,9,2015,11,11,2014,1
"835",-0.006186,0,3,9,2015,11,7,2015,1
"836",-0.004063,0.001034,3,9,2015,11,9,2014,1
"837",-0.005291,0.000722,3,9,2015,11,9,2015,1
"838",-0.00536,2.3e-05,3,9,2015,12,11,2015,1
"839",-0.005318,0.000191,3,9,2015,12,9,2014,1
"840",-0.004509,0.001199,3,9,2015,12,9,2015,1
"841",-0.004766,0.000581,3,9,2015,18,8,2014,1
"842",-0.00386,0.002058,3,9,2015,18,9,2014,1
"843",-0.005655,0,3,9,2015,18,9,2015,1
"844",-0.00524,0.000291,3,9,2015,2,9,2014,1
"845",-0.00516,0.000133,3,9,2015,2,9,2015,1
"846",-0.009876,0,3,9,2015,20,11,2014,1
"847",-0.004361,0.001177,3,9,2015,20,7,2015,1
"848",-0.005912,0,3,9,2015,20,9,2014,1
"849",-0.005461,0,3,9,2015,20,9,2015,1
"850",-0.00658,0,3,9,2015,26,7,2015,1
"851",-0.004554,0.001738,3,9,2015,26,9,2014,1
"852",-0.005437,0.000272,3,9,2015,29,7,2014,1
"853",-0.004204,0.001446,3,9,2015,29,9,2014,1
"854",-0.005232,0.000187,3,9,2015,29,9,2015,1
"855",-0.005763,0.00036,3,9,2015,3,7,2015,1
"856",-0.00512,0.000651,3,9,2015,3,9,2014,1
"857",-0.005083,0.000362,3,9,2015,36,7,2014,1
"858",-0.007538,0,3,9,2015,36,7,2015,1
"859",-0.004749,0.001464,3,9,2015,36,9,2014,1
"860",-0.007238,0,3,9,2015,37,7,2015,1
"861",-0.005726,0,3,9,2015,37,9,2015,1
"862",-0.004845,0.001061,3,9,2015,4,9,2014,1
"863",-0.006876,0,3,9,2015,4,9,2015,1
"864",-0.004671,0.000777,3,9,2015,9,11,2014,1
"865",-0.002241,0.004054,3,9,2015,9,7,2014,1
"866",-0.006467,0,3,9,2015,9,7,2015,1
"867",-0.00504,0.000359,3,9,2015,9,9,2014,1
"868",-0.004717,0.000837,3,9,2015,9,9,2015,1
"869",-0.006035,0,36,7,2014,11,11,2014,0
"870",-0.006327,0,36,7,2014,11,9,2015,0
"871",-0.005187,0,36,7,2014,18,8,2014,0
"872",-0.005295,0,36,7,2014,2,9,2015,0
"873",-0.009903,0,36,7,2014,20,11,2014,0
"874",-0.005295,0,36,7,2014,20,9,2015,0
"875",-0.007421,0,36,7,2014,26,7,2015,0
"876",-0.005139,0,36,7,2014,29,9,2014,0
"877",-0.005536,0,36,7,2014,29,9,2015,0
"878",-0.006341,0,36,7,2014,3,7,2015,0
"879",-0.007799,0,36,7,2014,36,7,2015,0
"880",-0.007138,0,36,7,2014,9,7,2015,0
"881",-0.008135,0,36,7,2015,11,11,2014,0
"882",-0.0076,0,36,7,2015,18,8,2014,0
"883",-0.007436,0,36,7,2015,2,9,2015,0
"884",-0.014757,0,36,7,2015,20,11,2014,0
"885",-0.007806,0,36,7,2015,20,9,2015,0
"886",-0.010258,0,36,7,2015,26,7,2015,0
"887",-0.007903,0,36,7,2015,29,9,2015,0
"888",-0.009472,0,36,7,2015,3,7,2015,0
"889",-0.009713,0,36,7,2015,9,7,2015,0
"890",-0.005926,0,36,9,2014,11,11,2014,0
"891",-0.007739,0,36,9,2014,11,9,2015,0
"892",-0.006519,0,36,9,2014,12,11,2015,0
"893",-0.007064,0,36,9,2014,18,8,2014,0
"894",-0.008068,0,36,9,2014,2,9,2014,0
"895",-0.004575,0.001173,36,9,2014,2,9,2015,0
"896",-0.011753,0,36,9,2014,20,11,2014,0
"897",-0.004555,0.001206,36,9,2014,20,9,2015,0
"898",-0.0079,0,36,9,2014,26,7,2015,0
"899",-0.006113,0,36,9,2014,29,9,2014,0
"900",-0.004831,0.000814,36,9,2014,29,9,2015,0
"901",-0.009215,0,36,9,2014,3,7,2015,0
"902",-0.008425,0,36,9,2014,3,9,2014,0
"903",-0.005949,0,36,9,2014,36,7,2014,0
"904",-0.008292,0,36,9,2014,36,7,2015,0
"905",-0.012344,0,36,9,2014,37,7,2015,0
"906",-0.007469,0,36,9,2014,4,9,2014,0
"907",-0.006937,0,36,9,2014,9,7,2015,0
"908",-0.007851,0,37,7,2015,11,11,2014,0
"909",-0.00915,0,37,7,2015,11,9,2015,0
"910",-0.009301,0,37,7,2015,12,11,2015,0
"911",-0.009812,0,37,7,2015,18,8,2014,0
"912",-0.010422,0,37,7,2015,2,9,2014,0
"913",-0.008256,0,37,7,2015,2,9,2015,0
"914",-0.015095,0,37,7,2015,20,11,2014,0
"915",-0.006753,0,37,7,2015,20,9,2015,0
"916",-0.010185,0,37,7,2015,26,7,2015,0
"917",-0.008534,0,37,7,2015,29,9,2014,0
"918",-0.006879,0,37,7,2015,29,9,2015,0
"919",-0.012881,0,37,7,2015,3,7,2015,0
"920",-0.010381,0,37,7,2015,3,9,2014,0
"921",-0.007927,0,37,7,2015,36,7,2014,0
"922",-0.011607,0,37,7,2015,36,7,2015,0
"923",-0.009331,0,37,7,2015,4,9,2014,0
"924",-0.011609,0,37,7,2015,9,7,2015,0
"925",-0.006196,0,37,9,2014,1,7,2015,0
"926",-0.005108,0.000147,37,9,2014,1,9,2015,0
"927",-0.005837,0,37,9,2014,10,11,2014,0
"928",-0.004538,0.000783,37,9,2014,10,9,2014,0
"929",-0.006077,0,37,9,2014,10,9,2015,0
"930",-0.005678,0,37,9,2014,11,11,2014,0
"931",-0.005785,0,37,9,2014,11,7,2015,0
"932",-0.003844,0.000879,37,9,2014,11,9,2014,0
"933",-0.00566,4.8e-05,37,9,2014,11,9,2015,0
"934",-0.006099,0,37,9,2014,12,11,2015,0
"935",-0.005871,0,37,9,2014,12,9,2014,0
"936",-0.004645,0.00069,37,9,2014,12,9,2015,0
"937",-0.006098,0,37,9,2014,18,8,2014,0
"938",-0.00512,9.2e-05,37,9,2014,18,9,2014,0
"939",-0.006305,0,37,9,2014,18,9,2015,0
"940",-0.006405,0,37,9,2014,2,9,2014,0
"941",-0.005217,0,37,9,2014,2,9,2015,0
"942",-0.009934,0,37,9,2014,20,11,2014,0
"943",-0.006016,0,37,9,2014,20,7,2015,0
"944",-0.005131,0.000139,37,9,2014,20,9,2014,0
"945",-0.004793,0.000326,37,9,2014,20,9,2015,0
"946",-0.006431,0,37,9,2014,26,7,2015,0
"947",-0.004419,0.001608,37,9,2014,26,9,2014,0
"948",-0.004937,0.000609,37,9,2014,26,9,2015,0
"949",-0.005181,0.000151,37,9,2014,29,7,2014,0
"950",-0.005386,0,37,9,2014,29,9,2014,0
"951",-0.004984,4.3e-05,37,9,2014,29,9,2015,0
"952",-0.007197,0,37,9,2014,3,7,2015,0
"953",-0.006453,0,37,9,2014,3,9,2014,0
"954",-0.004582,0.00086,37,9,2014,3,9,2015,0
"955",-0.005352,0,37,9,2014,36,7,2014,0
"956",-0.007198,0,37,9,2014,36,7,2015,0
"957",-0.006749,0,37,9,2014,36,9,2014,0
"958",-0.009607,0,37,9,2014,37,7,2015,0
"959",-0.006207,0,37,9,2014,37,9,2015,0
"960",-0.005775,0,37,9,2014,39,7,2015,0
"961",-0.006039,0,37,9,2014,39,9,2014,0
"962",-0.005708,0,37,9,2014,4,9,2014,0
"963",-0.007898,0,37,9,2014,4,9,2015,0
"964",-0.00591,0,37,9,2014,9,11,2014,0
"965",-0.004103,0.001056,37,9,2014,9,7,2014,0
"966",-0.007017,0,37,9,2014,9,7,2015,0
"967",-0.005578,0,37,9,2014,9,9,2014,0
"968",-0.00535,0,37,9,2014,9,9,2015,0
"969",-0.007491,0,37,9,2015,1,7,2015,1
"970",-0.00697,0,37,9,2015,10,9,2015,1
"971",-0.005767,5.5e-05,37,9,2015,11,11,2014,1
"972",-0.003819,0.001417,37,9,2015,11,9,2014,1
"973",-0.00665,0,37,9,2015,11,9,2015,1
"974",-0.006746,0,37,9,2015,12,11,2015,1
"975",-0.005989,0,37,9,2015,12,9,2014,1
"976",-0.00628,0,37,9,2015,18,8,2014,1
"977",-0.005724,0,37,9,2015,18,9,2014,1
"978",-0.006662,0,37,9,2015,18,9,2015,1
"979",-0.006967,0,37,9,2015,2,9,2014,1
"980",-0.005442,0,37,9,2015,2,9,2015,1
"981",-0.010762,0,37,9,2015,20,11,2014,1
"982",-0.006704,0,37,9,2015,20,7,2015,1
"983",-0.005,0.000588,37,9,2015,20,9,2015,1
"984",-0.007078,0,37,9,2015,26,7,2015,1
"985",-0.005396,0.000918,37,9,2015,26,9,2014,1
"986",-0.005706,7e-05,37,9,2015,29,7,2014,1
"987",-0.005683,0,37,9,2015,29,9,2014,1
"988",-0.005164,0.000359,37,9,2015,29,9,2015,1
"989",-0.008203,0,37,9,2015,3,7,2015,1
"990",-0.006689,0,37,9,2015,3,9,2014,1
"991",-0.005197,0.000296,37,9,2015,36,7,2014,1
"992",-0.008009,0,37,9,2015,36,7,2015,1
"993",-0.007601,0,37,9,2015,36,9,2014,1
"994",-0.010608,0,37,9,2015,37,7,2015,1
"995",-0.005946,0,37,9,2015,4,9,2014,1
"996",-0.008638,0,37,9,2015,4,9,2015,1
"997",-0.006503,0,37,9,2015,9,11,2014,1
"998",-0.004472,0.001183,37,9,2015,9,7,2014,1
"999",-0.007222,0,37,9,2015,9,7,2015,1
"1000",-0.006001,0,37,9,2015,9,9,2015,1
"1001",-0.00657,0,39,7,2015,1,7,2015,0
"1002",-0.004379,0.001144,39,7,2015,1,9,2015,0
"1003",-0.00552,0,39,7,2015,10,11,2014,0
"1004",-0.004681,0.000695,39,7,2015,10,9,2014,0
"1005",-0.006355,0,39,7,2015,10,9,2015,0
"1006",-0.005197,0.00018,39,7,2015,11,11,2014,0
"1007",-0.005493,0.000126,39,7,2015,11,7,2015,0
"1008",-0.00328,0.001686,39,7,2015,11,9,2014,0
"1009",-0.005385,0.000433,39,7,2015,11,9,2015,0
"1010",-0.005579,0,39,7,2015,12,11,2015,0
"1011",-0.005438,0,39,7,2015,12,9,2014,0
"1012",-0.005352,0.000147,39,7,2015,12,9,2015,0
"1013",-0.005846,0,39,7,2015,18,8,2014,0
"1014",-0.005157,6e-05,39,7,2015,18,9,2014,0
"1015",-0.006323,0,39,7,2015,18,9,2015,0
"1016",-0.006714,0,39,7,2015,2,9,2014,0
"1017",-0.004569,0.000462,39,7,2015,2,9,2015,0
"1018",-0.009076,0,39,7,2015,20,11,2014,0
"1019",-0.005788,0,39,7,2015,20,7,2015,0
"1020",-0.00479,0.000685,39,7,2015,20,9,2014,0
"1021",-0.003904,0.001552,39,7,2015,20,9,2015,0
"1022",-0.006094,0,39,7,2015,26,7,2015,0
"1023",-0.004424,0.001667,39,7,2015,26,9,2014,0
"1024",-0.00464,0.000985,39,7,2015,26,9,2015,0
"1025",-0.005384,0,39,7,2015,29,7,2014,0
"1026",-0.005241,0,39,7,2015,29,9,2014,0
"1027",-0.004414,0.00079,39,7,2015,29,9,2015,0
"1028",-0.007844,0,39,7,2015,3,7,2015,0
"1029",-0.006087,0,39,7,2015,3,9,2014,0
"1030",-0.004014,0.001642,39,7,2015,3,9,2015,0
"1031",-0.004976,3.6e-05,39,7,2015,36,7,2014,0
"1032",-0.006759,0,39,7,2015,36,7,2015,0
"1033",-0.007112,0,39,7,2015,36,9,2014,0
"1034",-0.010176,0,39,7,2015,37,7,2015,0
"1035",-0.006306,0,39,7,2015,37,9,2015,0
"1036",-0.005767,0,39,7,2015,39,9,2014,0
"1037",-0.005509,0,39,7,2015,4,9,2014,0
"1038",-0.007732,0,39,7,2015,4,9,2015,0
"1039",-0.005921,0,39,7,2015,9,11,2014,0
"1040",-0.00471,0.000304,39,7,2015,9,7,2014,0
"1041",-0.006711,0,39,7,2015,9,7,2015,0
"1042",-0.00529,0,39,7,2015,9,9,2014,0
"1043",-0.004957,0.000198,39,7,2015,9,9,2015,0
"1044",-0.006638,0,39,9,2014,1,7,2015,0
"1045",-0.005459,0,39,9,2014,1,9,2015,0
"1046",-0.006785,0,39,9,2014,10,11,2014,0
"1047",-0.006118,0,39,9,2014,10,9,2015,0
"1048",-0.006004,0,39,9,2014,11,11,2014,0
"1049",-0.006955,0,39,9,2014,11,7,2015,0
"1050",-0.005041,0,39,9,2014,11,9,2014,0
"1051",-0.005995,0,39,9,2014,11,9,2015,0
"1052",-0.00625,0,39,9,2014,12,11,2015,0
"1053",-0.00645,0,39,9,2014,12,9,2014,0
"1054",-0.005298,0,39,9,2014,12,9,2015,0
"1055",-0.006122,0,39,9,2014,18,8,2014,0
"1056",-0.004437,0.000949,39,9,2014,18,9,2014,0
"1057",-0.006652,0,39,9,2014,18,9,2015,0
"1058",-0.006753,0,39,9,2014,2,9,2014,0
"1059",-0.005956,0,39,9,2014,2,9,2015,0
"1060",-0.010236,0,39,9,2014,20,11,2014,0
"1061",-0.005902,0,39,9,2014,20,7,2015,0
"1062",-0.00637,0,39,9,2014,20,9,2014,0
"1063",-0.005238,0,39,9,2014,20,9,2015,0
"1064",-0.007224,0,39,9,2014,26,7,2015,0
"1065",-0.005178,0.000732,39,9,2014,26,9,2014,0
"1066",-0.006342,0,39,9,2014,29,7,2014,0
"1067",-0.005925,0,39,9,2014,29,9,2014,0
"1068",-0.005506,0,39,9,2014,29,9,2015,0
"1069",-0.007608,0,39,9,2014,3,7,2015,0
"1070",-0.006941,0,39,9,2014,3,9,2014,0
"1071",-0.004912,0.000419,39,9,2014,3,9,2015,0
"1072",-0.005811,0,39,9,2014,36,7,2014,0
"1073",-0.007745,0,39,9,2014,36,7,2015,0
"1074",-0.006405,0,39,9,2014,36,9,2014,0
"1075",-0.009321,0,39,9,2014,37,7,2015,0
"1076",-0.006282,0,39,9,2014,37,9,2015,0
"1077",-0.006169,0,39,9,2014,4,9,2014,0
"1078",-0.008166,0,39,9,2014,4,9,2015,0
"1079",-0.005689,0,39,9,2014,9,11,2014,0
"1080",-0.003409,0.002004,39,9,2014,9,7,2014,0
"1081",-0.007942,0,39,9,2014,9,7,2015,0
"1082",-0.005929,0,39,9,2014,9,9,2014,0
"1083",-0.005696,0,39,9,2014,9,9,2015,0
"1084",-0.006441,0,39,9,2015,1,7,2015,1
"1085",-0.004585,0.001015,39,9,2015,1,9,2015,1
"1086",-0.004774,0.000951,39,9,2015,10,11,2014,1
"1087",-0.005625,0.000625,39,9,2015,10,7,2015,1
"1088",-0.005514,0,39,9,2015,10,9,2014,1
"1089",-0.006759,0,39,9,2015,10,9,2015,1
"1090",-0.004764,0.000874,39,9,2015,11,11,2014,1
"1091",-0.004862,0.001164,39,9,2015,11,7,2015,1
"1092",-0.002439,0.003042,39,9,2015,11,9,2014,1
"1093",-0.006369,0,39,9,2015,11,9,2015,1
"1094",-0.005338,5.1e-05,39,9,2015,12,11,2015,1
"1095",-0.004258,0.001435,39,9,2015,12,9,2014,1
"1096",-0.004455,0.001058,39,9,2015,12,9,2015,1
"1097",-0.005057,0.000156,39,9,2015,18,8,2014,1
"1098",-0.005532,0,39,9,2015,18,9,2014,1
"1099",-0.005695,0,39,9,2015,18,9,2015,1
"1100",-0.005879,0,39,9,2015,2,9,2014,1
"1101",-0.003645,0.001969,39,9,2015,2,9,2015,1
"1102",-0.009104,0,39,9,2015,20,11,2014,1
"1103",-0.005821,0,39,9,2015,20,7,2015,1
"1104",-0.00448,0.001143,39,9,2015,20,9,2014,1
"1105",-0.00393,0.001615,39,9,2015,20,9,2015,1
"1106",-0.006062,0,39,9,2015,26,7,2015,1
"1107",-0.005432,0.000277,39,9,2015,26,9,2014,1
"1108",-0.004464,0.001288,39,9,2015,26,9,2015,1
"1109",-0.004714,0.000928,39,9,2015,29,7,2014,1
"1110",-0.004882,0.000447,39,9,2015,29,9,2014,1
"1111",-0.004375,0.000971,39,9,2015,29,9,2015,1
"1112",-0.006711,0,39,9,2015,3,7,2015,1
"1113",-0.006211,0,39,9,2015,3,9,2014,1
"1114",-0.003883,0.001959,39,9,2015,3,9,2015,1
"1115",-0.004539,0.000727,39,9,2015,36,7,2014,1
"1116",-0.006472,0,39,9,2015,36,7,2015,1
"1117",-0.00685,0,39,9,2015,36,9,2014,1
"1118",-0.008506,0,39,9,2015,37,7,2015,1
"1119",-0.005252,0,39,9,2015,37,9,2014,1
"1120",-0.00578,0,39,9,2015,37,9,2015,1
"1121",-0.004908,0.000381,39,9,2015,39,7,2015,1
"1122",-0.005014,0.000272,39,9,2015,39,9,2014,1
"1123",-0.004335,0.001104,39,9,2015,4,7,2015,1
"1124",-0.005402,7e-05,39,9,2015,4,9,2014,1
"1125",-0.007805,0,39,9,2015,4,9,2015,1
"1126",-0.004713,0.000717,39,9,2015,9,11,2014,1
"1127",-0.004508,0.000635,39,9,2015,9,7,2014,1
"1128",-0.004796,0.001845,39,9,2015,9,7,2015,1
"1129",-0.004715,7e-04,39,9,2015,9,9,2014,1
"1130",-0.004429,0.001058,39,9,2015,9,9,2015,1
"1131",-0.005607,0,4,7,2015,1,7,2015,1
"1132",-0.004108,0.001357,4,7,2015,1,9,2015,1
"1133",-0.004935,0.000375,4,7,2015,10,11,2014,1
"1134",-0.0063,0,4,7,2015,10,7,2015,1
"1135",-0.003726,0.001904,4,7,2015,10,9,2014,1
"1136",-0.005545,0.000222,4,7,2015,10,9,2015,1
"1137",-0.004165,0.001483,4,7,2015,11,11,2014,1
"1138",-0.004769,0.000861,4,7,2015,11,7,2015,1
"1139",-0.002753,0.002092,4,7,2015,11,9,2014,1
"1140",-0.004783,0.001127,4,7,2015,11,9,2015,1
"1141",-0.004893,0.000198,4,7,2015,12,11,2015,1
"1142",-0.004973,0,4,7,2015,12,9,2014,1
"1143",-0.003376,0.002243,4,7,2015,12,9,2015,1
"1144",-0.005355,0,4,7,2015,18,8,2014,1
"1145",-0.00448,0.000919,4,7,2015,18,9,2014,1
"1146",-0.005514,0,4,7,2015,18,9,2015,1
"1147",-0.005871,0,4,7,2015,2,9,2014,1
"1148",-0.004726,0,4,7,2015,2,9,2015,1
"1149",-0.008766,0,4,7,2015,20,11,2014,1
"1150",-0.005314,0,4,7,2015,20,7,2015,1
"1151",-0.00407,0.001428,4,7,2015,20,9,2014,1
"1152",-0.003749,0.001587,4,7,2015,20,9,2015,1
"1153",-0.005999,0,4,7,2015,26,7,2015,1
"1154",-0.003913,0.002226,4,7,2015,26,9,2014,1
"1155",-0.003661,0.002163,4,7,2015,26,9,2015,1
"1156",-0.004049,0.001541,4,7,2015,29,7,2014,1
"1157",-0.004706,0.000367,4,7,2015,29,9,2014,1
"1158",-0.00367,0.001676,4,7,2015,29,9,2015,1
"1159",-0.007319,0,4,7,2015,3,7,2015,1
"1160",-0.005681,0,4,7,2015,3,9,2014,1
"1161",-0.003711,0.001906,4,7,2015,3,9,2015,1
"1162",-0.004323,0.000794,4,7,2015,36,7,2014,1
"1163",-0.006031,0,4,7,2015,36,7,2015,1
"1164",-0.006544,0,4,7,2015,36,9,2014,1
"1165",-0.009917,0,4,7,2015,37,7,2015,1
"1166",-0.005312,0,4,7,2015,37,9,2014,1
"1167",-0.006051,0,4,7,2015,37,9,2015,1
"1168",-0.005022,0,4,7,2015,39,7,2015,1
"1169",-0.005182,0,4,7,2015,39,9,2014,1
"1170",-0.004939,0.000496,4,7,2015,4,9,2014,1
"1171",-0.007355,0,4,7,2015,4,9,2015,1
"1172",-0.005099,0,4,7,2015,9,11,2014,1
"1173",-0.003749,0.001479,4,7,2015,9,7,2014,1
"1174",-0.006779,0,4,7,2015,9,7,2015,1
"1175",-0.004385,0.000758,4,7,2015,9,9,2014,1
"1176",-0.004587,0.000508,4,7,2015,9,9,2015,1
"1177",-0.006086,0,4,9,2014,11,11,2014,1
"1178",-0.006877,0,4,9,2014,11,9,2015,1
"1179",-0.00554,0,4,9,2014,18,8,2014,1
"1180",-0.007379,0,4,9,2014,2,9,2014,1
"1181",-0.004932,0.000654,4,9,2014,2,9,2015,1
"1182",-0.010517,0,4,9,2014,20,11,2014,1
"1183",-0.005183,0.000412,4,9,2014,20,9,2015,1
"1184",-0.007918,0,4,9,2014,26,7,2015,1
"1185",-0.005553,0,4,9,2014,29,9,2014,1
"1186",-0.005329,0.000153,4,9,2014,29,9,2015,1
"1187",-0.007358,0,4,9,2014,3,7,2015,1
"1188",-0.006174,0,4,9,2014,36,7,2014,1
"1189",-0.007766,0,4,9,2014,36,7,2015,1
"1190",-0.007111,0,4,9,2014,9,7,2015,1
"1191",-0.010324,0,4,9,2015,10,9,2015,1
"1192",-0.007732,0,4,9,2015,11,11,2014,1
"1193",-0.005017,0.000123,4,9,2015,11,9,2014,1
"1194",-0.009868,0,4,9,2015,11,9,2015,1
"1195",-0.008422,0,4,9,2015,12,11,2015,1
"1196",-0.008482,0,4,9,2015,18,8,2014,1
"1197",-0.008384,0,4,9,2015,18,9,2014,1
"1198",-0.009217,0,4,9,2015,2,9,2014,1
"1199",-0.006511,0,4,9,2015,2,9,2015,1
"1200",-0.014675,0,4,9,2015,20,11,2014,1
"1201",-0.006929,0,4,9,2015,20,9,2015,1
"1202",-0.010478,0,4,9,2015,26,7,2015,1
"1203",-0.008605,0,4,9,2015,26,9,2014,1
"1204",-0.008782,0,4,9,2015,29,7,2014,1
"1205",-0.007361,0,4,9,2015,29,9,2014,1
"1206",-0.007483,0,4,9,2015,29,9,2015,1
"1207",-0.010164,0,4,9,2015,3,7,2015,1
"1208",-0.010103,0,4,9,2015,3,9,2014,1
"1209",-0.007445,0,4,9,2015,36,7,2014,1
"1210",-0.012059,0,4,9,2015,36,7,2015,1
"1211",-0.010524,0,4,9,2015,36,9,2014,1
"1212",-0.012558,0,4,9,2015,37,7,2015,1
"1213",-0.008596,0,4,9,2015,4,9,2014,1
"1214",-0.008232,0,4,9,2015,9,11,2014,1
"1215",-0.007159,0,4,9,2015,9,7,2014,1
"1216",-0.00852,0,4,9,2015,9,7,2015,1
"1217",-0.006089,0,9,11,2014,10,9,2015,1
"1218",-0.005318,8.1e-05,9,11,2014,11,11,2014,1
"1219",-0.003492,0.001407,9,11,2014,11,9,2014,1
"1220",-0.005332,0.000524,9,11,2014,11,9,2015,1
"1221",-0.006363,0,9,11,2014,12,11,2015,1
"1222",-0.006057,0,9,11,2014,18,8,2014,1
"1223",-0.005195,1e-06,9,11,2014,18,9,2014,1
"1224",-0.006483,0,9,11,2014,2,9,2014,1
"1225",-0.005129,0,9,11,2014,2,9,2015,1
"1226",-0.009928,0,9,11,2014,20,11,2014,1
"1227",-0.00447,0.000762,9,11,2014,20,9,2015,1
"1228",-0.006011,0,9,11,2014,26,7,2015,1
"1229",-0.004301,0.001835,9,11,2014,26,9,2014,1
"1230",-0.004962,0.000227,9,11,2014,29,9,2014,1
"1231",-0.004968,0.000175,9,11,2014,29,9,2015,1
"1232",-0.007614,0,9,11,2014,3,7,2015,1
"1233",-0.005782,0,9,11,2014,3,9,2014,1
"1234",-0.00489,0.000238,9,11,2014,36,7,2014,1
"1235",-0.008167,0,9,11,2014,36,7,2015,1
"1236",-0.006467,0,9,11,2014,36,9,2014,1
"1237",-0.009777,0,9,11,2014,37,7,2015,1
"1238",-0.005077,0.00054,9,11,2014,4,9,2014,1
"1239",-0.00402,0.001216,9,11,2014,9,7,2014,1
"1240",-0.00701,0,9,11,2014,9,7,2015,1
"1241",-0.006316,0,9,7,2014,10,9,2015,1
"1242",-0.002941,0.003,9,7,2014,11,11,2014,1
"1243",-0.000572,0.005295,9,7,2014,11,9,2014,1
"1244",-0.004703,0.001038,9,7,2014,11,9,2015,1
"1245",-0.003522,0.001988,9,7,2014,12,11,2015,1
"1246",-0.004201,0.000933,9,7,2014,18,8,2014,1
"1247",-0.005058,7.7e-05,9,7,2014,2,9,2014,1
"1248",-0.001797,0.004172,9,7,2014,2,9,2015,1
"1249",-0.007121,0,9,7,2014,20,11,2014,1
"1250",-0.001786,0.004223,9,7,2014,20,9,2015,1
"1251",-0.00432,0.001458,9,7,2014,26,7,2015,1
"1252",-0.003439,0.001986,9,7,2014,29,9,2014,1
"1253",-0.002502,0.003145,9,7,2014,29,9,2015,1
"1254",-0.006075,0,9,7,2014,3,7,2015,1
"1255",-0.005302,0,9,7,2014,3,9,2014,1
"1256",-0.003328,0.002038,9,7,2014,36,7,2014,1
"1257",-0.004676,0.001812,9,7,2014,36,7,2015,1
"1258",-0.007311,0,9,7,2014,36,9,2014,1
"1259",-0.009148,0,9,7,2014,37,7,2015,1
"1260",-0.004333,0.001116,9,7,2014,4,9,2014,1
"1261",-0.003635,0.002947,9,7,2014,9,7,2015,1
"1262",-0.006195,0,9,7,2015,29,9,2015,1
"1263",-0.006735,0,9,9,2014,1,7,2015,1
"1264",-0.005501,0.000233,9,9,2014,10,9,2015,1
"1265",-0.006001,0,9,9,2014,11,11,2014,1
"1266",-0.004278,0.000537,9,9,2014,11,9,2014,1
"1267",-0.006082,0,9,9,2014,11,9,2015,1
"1268",-0.005985,0,9,9,2014,12,11,2015,1
"1269",-0.006287,0,9,9,2014,12,9,2014,1
"1270",-0.005488,0,9,9,2014,18,8,2014,1
"1271",-0.004422,0.000985,9,9,2014,18,9,2014,1
"1272",-0.006398,0,9,9,2014,18,9,2015,1
"1273",-0.006439,0,9,9,2014,2,9,2014,1
"1274",-0.005385,0,9,9,2014,2,9,2015,1
"1275",-0.00988,0,9,9,2014,20,11,2014,1
"1276",-0.005197,0,9,9,2014,20,7,2015,1
"1277",-0.005172,3.4e-05,9,9,2014,20,9,2015,1
"1278",-0.007017,0,9,9,2014,26,7,2015,1
"1279",-0.005024,0.001014,9,9,2014,26,9,2014,1
"1280",-0.006033,0,9,9,2014,29,7,2014,1
"1281",-0.00525,0,9,9,2014,29,9,2014,1
"1282",-0.005315,0,9,9,2014,29,9,2015,1
"1283",-0.007183,0,9,9,2014,3,7,2015,1
"1284",-0.006368,0,9,9,2014,3,9,2014,1
"1285",-0.005694,0,9,9,2014,36,7,2014,1
"1286",-0.007692,0,9,9,2014,36,7,2015,1
"1287",-0.005889,0,9,9,2014,36,9,2014,1
"1288",-0.008732,0,9,9,2014,37,7,2015,1
"1289",-0.00585,0,9,9,2014,37,9,2015,1
"1290",-0.005874,0,9,9,2014,4,9,2014,1
"1291",-0.007676,0,9,9,2014,4,9,2015,1
"1292",-0.005583,0,9,9,2014,9,11,2014,1
"1293",-0.003004,0.002592,9,9,2014,9,7,2014,1
"1294",-0.007164,0,9,9,2014,9,7,2015,1
"1295",-0.005529,0,9,9,2014,9,9,2015,1
"1296",-0.006279,0,9,9,2015,1,7,2015,1
"1297",-0.005394,0.000423,9,9,2015,10,9,2015,1
"1298",-0.005546,2e-05,9,9,2015,11,11,2014,1
"1299",-0.004006,0.000974,9,9,2015,11,9,2014,1
"1300",-0.005809,0,9,9,2015,11,9,2015,1
"1301",-0.005543,0,9,9,2015,12,11,2015,1
"1302",-0.005825,0,9,9,2015,12,9,2014,1
"1303",-0.00522,0,9,9,2015,18,8,2014,1
"1304",-0.004274,0.001198,9,9,2015,18,9,2014,1
"1305",-0.006011,0,9,9,2015,18,9,2015,1
"1306",-0.005858,0,9,9,2015,2,9,2014,1
"1307",-0.005567,0,9,9,2015,2,9,2015,1
"1308",-0.009996,0,9,9,2015,20,11,2014,1
"1309",-0.004965,8.3e-05,9,9,2015,20,7,2015,1
"1310",-0.00505,0.000226,9,9,2015,20,9,2015,1
"1311",-0.006782,0,9,9,2015,26,7,2015,1
"1312",-0.004997,0.000975,9,9,2015,26,9,2014,1
"1313",-0.005614,0,9,9,2015,29,7,2014,1
"1314",-0.005287,0,9,9,2015,29,9,2014,1
"1315",-0.005234,2.8e-05,9,9,2015,29,9,2015,1
"1316",-0.006833,0,9,9,2015,3,7,2015,1
"1317",-0.005562,0,9,9,2015,3,9,2014,1
"1318",-0.005405,0,9,9,2015,36,7,2014,1
"1319",-0.007409,0,9,9,2015,36,7,2015,1
"1320",-0.005694,0,9,9,2015,36,9,2014,1
"1321",-0.008324,0,9,9,2015,37,7,2015,1
"1322",-0.00559,0,9,9,2015,4,9,2014,1
"1323",-0.007185,0,9,9,2015,4,9,2015,1
"1324",-0.005355,0,9,9,2015,9,11,2014,1
"1325",-0.002711,0.00304,9,9,2015,9,7,2014,1
"1326",-0.006727,0,9,9,2015,9,7,2015,1
