Sample	total_passed	total_failed	secondary_passed	secondary_failed	supplementary_passed	supplementary_failed	duplicates_passed	duplicates_failed	mapped_passed	mapped_failed	mapped_passed_pct	mapped_failed_pct	paired in sequencing_passed	paired in sequencing_failed	read1_passed	read1_failed	read2_passed	read2_failed	properly paired_passed	properly paired_failed	properly paired_passed_pct	properly paired_failed_pct	with itself and mate mapped_passed	with itself and mate mapped_failed	singletons_passed	singletons_failed	singletons_passed_pct	singletons_failed_pct	with mate mapped to a different chr_passed	with mate mapped to a different chr_failed	with mate mapped to a different chr (mapQ >= 5)_passed	with mate mapped to a different chr (mapQ >= 5)_failed	flagstat_total
100_220322_L001.flagfile	19594561	0	0	0	283393	0	1089426	0	19020757	0	97.07	nan	19311168	0	9655584	0	9655584	0	18490914	0	95.75	nan	18679002	0	58362	0	0.3	nan	84896	0	31152	0	19594561
101_220322_L001.flagfile	21776640	0	0	0	347030	0	1456771	0	21269087	0	97.67	nan	21429610	0	10714805	0	10714805	0	20611282	0	96.18	nan	20851588	0	70469	0	0.33	nan	108810	0	40242	0	21776640
102_220322_L001.flagfile	19033859	0	0	0	309467	0	1388249	0	18557916	0	97.5	nan	18724392	0	9362196	0	9362196	0	18010030	0	96.18	nan	18189292	0	59157	0	0.32	nan	86948	0	30667	0	19033859
103_220322_L001.flagfile	20067112	0	0	0	356070	0	1245993	0	19567904	0	97.51	nan	19711042	0	9855521	0	9855521	0	18960580	0	96.19	nan	19156646	0	55188	0	0.28	nan	99626	0	35485	0	20067112
104_220322_L001.flagfile	21972441	0	0	0	358327	0	1504150	0	21378554	0	97.3	nan	21614114	0	10807057	0	10807057	0	20772110	0	96.1	nan	20959498	0	60729	0	0.28	nan	97208	0	33976	0	21972441
105_220322_L001.flagfile	32974459	0	0	0	469155	0	2744411	0	31883518	0	96.69	nan	32505304	0	16252652	0	16252652	0	31101288	0	95.68	nan	31322872	0	91491	0	0.28	nan	96058	0	31056	0	32974459
106_220322_L001.flagfile	28269743	0	0	0	316843	0	2091332	0	27330664	0	96.68	nan	27952900	0	13976450	0	13976450	0	26748490	0	95.69	nan	26938636	0	75185	0	0.27	nan	69850	0	21739	0	28269743
107_220322_L001.flagfile	32582249	0	0	0	720843	0	2560672	0	31549480	0	96.83	nan	31861406	0	15930703	0	15930703	0	30400116	0	95.41	nan	30734042	0	94595	0	0.3	nan	186816	0	77033	0	32582249
108_220322_L001.flagfile	25741066	0	0	0	351336	0	1682895	0	24856715	0	96.56	nan	25389730	0	12694865	0	12694865	0	24249944	0	95.51	nan	24440492	0	64887	0	0.26	nan	86182	0	31380	0	25741066
109_220322_L001.flagfile	26152320	0	0	0	324320	0	1877676	0	25343504	0	96.91	nan	25828000	0	12914000	0	12914000	0	24739280	0	95.78	nan	24949582	0	69602	0	0.27	nan	88066	0	31501	0	26152320
10_220322_L001.flagfile	19288968	0	0	0	229510	0	1484393	0	18558366	0	96.21	nan	19059458	0	9529729	0	9529729	0	18106754	0	95.0	nan	18275454	0	53402	0	0.28	nan	61718	0	22349	0	19288968
110_220322_L001.flagfile	28509434	0	0	0	384112	0	2505191	0	27686775	0	97.11	nan	28125322	0	14062661	0	14062661	0	27019586	0	96.07	nan	27228164	0	74499	0	0.26	nan	95524	0	34350	0	28509434
111_220322_L001.flagfile	27819719	0	0	0	368117	0	2356657	0	26915798	0	96.75	nan	27451602	0	13725801	0	13725801	0	26266654	0	95.68	nan	26475794	0	71887	0	0.26	nan	87422	0	31085	0	27819719
112_220322_L001.flagfile	19536782	0	0	0	268608	0	1387035	0	18868570	0	96.58	nan	19268174	0	9634087	0	9634087	0	18399660	0	95.49	nan	18544898	0	55064	0	0.29	nan	67626	0	25288	0	19536782
113_220322_L001.flagfile	30628554	0	0	0	403502	0	2818483	0	29704057	0	96.98	nan	30225052	0	15112526	0	15112526	0	29011468	0	95.98	nan	29218438	0	82117	0	0.27	nan	101948	0	37236	0	30628554
114_220322_L001.flagfile	23733017	0	0	0	312153	0	2040843	0	23318751	0	98.25	nan	23420864	0	11710432	0	11710432	0	22805972	0	97.37	nan	22944214	0	62384	0	0.27	nan	80252	0	29449	0	23733017
115_220322_L001.flagfile	25247810	0	0	0	334908	0	2266468	0	24493198	0	97.01	nan	24912902	0	12456451	0	12456451	0	23865314	0	95.79	nan	24091802	0	66488	0	0.27	nan	85366	0	29281	0	25247810
116_220322_L001.flagfile	22328129	0	0	0	355309	0	1633839	0	21688859	0	97.14	nan	21972820	0	10986410	0	10986410	0	21089694	0	95.98	nan	21272200	0	61350	0	0.28	nan	88556	0	32994	0	22328129
117_220322_L001.flagfile	23661267	0	0	0	361993	0	2104995	0	22965675	0	97.06	nan	23299274	0	11649637	0	11649637	0	22346874	0	95.91	nan	22531000	0	72682	0	0.31	nan	88830	0	31550	0	23661267
118_220322_L001.flagfile	22119524	0	0	0	236026	0	1633360	0	19986731	0	90.36	nan	21883498	0	10941749	0	10941749	0	19575598	0	89.45	nan	19692284	0	58421	0	0.27	nan	58430	0	18768	0	22119524
11_220322_L001.flagfile	45976139	0	0	0	388229	0	5228108	0	42668826	0	92.81	nan	45587910	0	22793955	0	22793955	0	41702278	0	91.48	nan	42157868	0	122729	0	0.27	nan	110556	0	35515	0	45976139
125_220322_L001.flagfile	21194525	0	0	0	265407	0	1364213	0	19322386	0	91.17	nan	20929118	0	10464559	0	10464559	0	18854118	0	90.09	nan	19000274	0	56705	0	0.27	nan	73644	0	24688	0	21194525
128_220322_L001.flagfile	23938739	0	0	0	490601	0	1563159	0	22061576	0	92.16	nan	23448138	0	11724069	0	11724069	0	21304418	0	90.86	nan	21511320	0	59655	0	0.25	nan	93110	0	27888	0	23938739
12_220322_L001.flagfile	35238496	0	0	0	283544	0	3413481	0	33820111	0	95.97	nan	34954952	0	17477476	0	17477476	0	33144016	0	94.82	nan	33441410	0	95157	0	0.27	nan	73390	0	22223	0	35238496
131_220322_L001.flagfile	31586366	0	0	0	395466	0	2770760	0	30536077	0	96.67	nan	31190900	0	15595450	0	15595450	0	29739196	0	95.35	nan	30037220	0	103391	0	0.33	nan	142500	0	54813	0	31586366
132_220322_L001.flagfile	19563817	0	0	0	247445	0	1251494	0	18434018	0	94.23	nan	19316372	0	9658186	0	9658186	0	17980596	0	93.08	nan	18131456	0	55117	0	0.29	nan	76620	0	27195	0	19563817
136_220322_L001.flagfile	24563094	0	0	0	179518	0	1547319	0	21218230	0	86.38	nan	24383576	0	12191788	0	12191788	0	20806694	0	85.33	nan	20978514	0	60198	0	0.25	nan	47480	0	13706	0	24563094
13_220322_L001.flagfile	52686755	0	0	0	581607	0	6093397	0	50041650	0	94.98	nan	52105148	0	26052574	0	26052574	0	48770486	0	93.6	nan	49325486	0	134557	0	0.26	nan	153792	0	53468	0	52686755
140_220322_L001.flagfile	18648708	0	0	0	244782	0	1116477	0	17369324	0	93.14	nan	18403926	0	9201963	0	9201963	0	16897496	0	91.81	nan	17074458	0	50084	0	0.27	nan	85184	0	31410	0	18648708
141_220322_L001.flagfile	19769520	0	0	0	314550	0	1429075	0	18791564	0	95.05	nan	19454970	0	9727485	0	9727485	0	18202560	0	93.56	nan	18419080	0	57934	0	0.3	nan	98650	0	37335	0	19769520
142_220322_L001.flagfile	14373404	0	0	0	287928	0	795032	0	13542216	0	94.22	nan	14085476	0	7042738	0	7042738	0	13011154	0	92.37	nan	13211688	0	42600	0	0.3	nan	102478	0	38471	0	14373404
145_220322_L001.flagfile	29843699	0	0	0	442799	0	2349380	0	28908993	0	96.87	nan	29400900	0	14700450	0	14700450	0	28154050	0	95.76	nan	28385618	0	80576	0	0.27	nan	106090	0	38923	0	29843699
146_220322_L001.flagfile	25687110	0	0	0	410022	0	1898384	0	24830780	0	96.67	nan	25277088	0	12638544	0	12638544	0	24132752	0	95.47	nan	24350632	0	70126	0	0.28	nan	103032	0	39998	0	25687110
147_220322_L001.flagfile	24667723	0	0	0	479845	0	1908702	0	24056812	0	97.52	nan	24187878	0	12093939	0	12093939	0	23275472	0	96.23	nan	23511960	0	65007	0	0.27	nan	136430	0	58861	0	24667723
149_220322_L001.flagfile	24550385	0	0	0	409663	0	1472477	0	22521087	0	91.73	nan	24140722	0	12070361	0	12070361	0	21844846	0	90.49	nan	22040448	0	70976	0	0.29	nan	109952	0	43201	0	24550385
14_220322_L001.flagfile	28070634	0	0	0	8298	0	354873	0	4188983	0	14.92	nan	28062336	0	14031168	0	14031168	0	4161434	0	14.83	nan	4172942	0	7743	0	0.03	nan	2266	0	570	0	28070634
151_220322_L001.flagfile	25215277	0	0	0	436777	0	2001146	0	24517327	0	97.23	nan	24778500	0	12389250	0	12389250	0	23804740	0	96.07	nan	24007458	0	73092	0	0.29	nan	103360	0	34142	0	25215277
153_220322_L001.flagfile	29923855	0	0	0	457899	0	2357956	0	28998239	0	96.91	nan	29465956	0	14732978	0	14732978	0	28199720	0	95.7	nan	28455294	0	85046	0	0.29	nan	115328	0	39198	0	29923855
156_220322_L001.flagfile	22208306	0	0	0	324710	0	1373747	0	21385384	0	96.29	nan	21883596	0	10941798	0	10941798	0	20836318	0	95.21	nan	21000516	0	60158	0	0.27	nan	87680	0	33011	0	22208306
157_220322_L001.flagfile	25179123	0	0	0	543075	0	1929773	0	23940605	0	95.08	nan	24636048	0	12318024	0	12318024	0	23092502	0	93.73	nan	23324732	0	72798	0	0.3	nan	125452	0	49550	0	25179123
158_220322_L001.flagfile	22633942	0	0	0	501502	0	1742508	0	21913003	0	96.81	nan	22132440	0	11066220	0	11066220	0	21136080	0	95.5	nan	21353456	0	58045	0	0.26	nan	122544	0	49328	0	22633942
159_220322_L001.flagfile	26751895	0	0	0	302263	0	1900843	0	24411171	0	91.25	nan	26449632	0	13224816	0	13224816	0	23893102	0	90.33	nan	24040518	0	68390	0	0.26	nan	82984	0	26857	0	26751895
15_220322_L001.flagfile	25663755	0	0	0	4109	0	322129	0	3520148	0	13.72	nan	25659646	0	12829823	0	12829823	0	3505658	0	13.66	nan	3511226	0	4813	0	0.02	nan	1280	0	365	0	25663755
161_220322_L001.flagfile	26507675	0	0	0	401427	0	1820372	0	25517694	0	96.27	nan	26106248	0	13053124	0	13053124	0	24821376	0	95.08	nan	25031210	0	85057	0	0.33	nan	108578	0	42269	0	26507675
162_220322_L001.flagfile	35256295	0	0	0	427803	0	3053550	0	33509369	0	95.05	nan	34828492	0	17414246	0	17414246	0	32762796	0	94.07	nan	32988930	0	92636	0	0.27	nan	103260	0	36242	0	35256295
167_220322_L001.flagfile	28602957	0	0	0	252057	0	1944177	0	24371194	0	85.21	nan	28350900	0	14175450	0	14175450	0	23864986	0	84.18	nan	24054086	0	65051	0	0.23	nan	79530	0	28335	0	28602957
169_220322_L001.flagfile	26397883	0	0	0	178601	0	1604286	0	19175935	0	72.64	nan	26219282	0	13109641	0	13109641	0	18816936	0	71.77	nan	18943338	0	53996	0	0.21	nan	61866	0	22051	0	26397883
16_220322_L001.flagfile	25888673	0	0	0	229099	0	2005209	0	24928585	0	96.29	nan	25659574	0	12829787	0	12829787	0	24413490	0	95.14	nan	24621168	0	78318	0	0.31	nan	74012	0	25749	0	25888673
171_220322_L001.flagfile	26762966	0	0	0	316218	0	2258456	0	25677518	0	95.94	nan	26446748	0	13223374	0	13223374	0	25075404	0	94.81	nan	25279540	0	81760	0	0.31	nan	105988	0	38947	0	26762966
176_220322_L001.flagfile	28664339	0	0	0	274081	0	2162430	0	23411547	0	81.67	nan	28390258	0	14195129	0	14195129	0	22932286	0	80.78	nan	23067412	0	70054	0	0.25	nan	71506	0	23766	0	28664339
177_220322_L001.flagfile	20134319	0	0	0	202625	0	1459507	0	18874543	0	93.74	nan	19931694	0	9965847	0	9965847	0	18412798	0	92.38	nan	18608534	0	63384	0	0.32	nan	68228	0	24856	0	20134319
178_220322_L001	20806173	0	0	0	83959	0	805291	0	10988300	0	52.81	nan	20722214	0	10361107	0	10361107	0	10771244	0	51.98	nan	10869790	0	34551	0	0.17	nan	31112	0	10944	0	20806173
178_220322_L001.flagfile	20806175	0	0	0	83961	0	805246	0	10988305	0	52.81	nan	20722214	0	10361107	0	10361107	0	10770532	0	51.98	nan	10869794	0	34550	0	0.17	nan	31154	0	10947	0	20806175
17_220322_L001.flagfile	22751450	0	0	0	199260	0	1875241	0	17756892	0	78.05	nan	22552190	0	11276095	0	11276095	0	17345976	0	76.91	nan	17497526	0	60106	0	0.27	nan	66290	0	19862	0	22751450
180_220322_L001.flagfile	34383187	0	0	0	309509	0	2539960	0	33043617	0	96.1	nan	34073678	0	17036839	0	17036839	0	32412224	0	95.12	nan	32636580	0	97528	0	0.29	nan	80782	0	25929	0	34383187
182_220322_L001.flagfile	44524451	0	0	0	269813	0	4312069	0	42758447	0	96.03	nan	44254638	0	22127319	0	22127319	0	42087258	0	95.1	nan	42365214	0	123420	0	0.28	nan	93054	0	28348	0	44524451
183_220322_L001	25020725	0	0	0	187033	0	1992184	0	23881392	0	95.45	nan	24833692	0	12416846	0	12416846	0	23420552	0	94.31	nan	23632182	0	62177	0	0.25	nan	66142	0	22010	0	25020725
183_220322_L001.flagfile	25020728	0	0	0	187036	0	1992241	0	23881383	0	95.45	nan	24833692	0	12416846	0	12416846	0	23416142	0	94.29	nan	23632158	0	62189	0	0.25	nan	66420	0	22080	0	25020728
184_220322_L001	25303052	0	0	0	342614	0	1965772	0	24306431	0	96.06	nan	24960438	0	12480219	0	12480219	0	23701600	0	94.96	nan	23890138	0	73679	0	0.3	nan	88674	0	27470	0	25303052
184_220322_L001.flagfile	25303051	0	0	0	342613	0	1966456	0	24306427	0	96.06	nan	24960438	0	12480219	0	12480219	0	23701122	0	94.95	nan	23890132	0	73682	0	0.3	nan	88706	0	27484	0	25303051
185_220322_L001.flagfile	24281190	0	0	0	447112	0	2328263	0	23198498	0	95.54	nan	23834078	0	11917039	0	11917039	0	22432774	0	94.12	nan	22675004	0	76382	0	0.32	nan	95538	0	26520	0	24281190
186_220322_L001.flagfile	24180415	0	0	0	303619	0	2028012	0	23271684	0	96.24	nan	23876796	0	11938398	0	11938398	0	22676262	0	94.97	nan	22893946	0	74119	0	0.31	nan	79740	0	26378	0	24180415
187_220322_L001.flagfile	26290547	0	0	0	315401	0	2590349	0	24470642	0	93.08	nan	25975146	0	12987573	0	12987573	0	23879918	0	91.93	nan	24078262	0	76979	0	0.3	nan	78646	0	21637	0	26290547
188_220322_L001.flagfile	17241410	0	0	0	343952	0	1479742	0	16465596	0	95.5	nan	16897458	0	8448729	0	8448729	0	15865268	0	93.89	nan	16068492	0	53152	0	0.31	nan	66472	0	16350	0	17241410
189_220322_L001.flagfile	17273216	0	0	0	574438	0	1696790	0	16622447	0	96.23	nan	16698778	0	8349389	0	8349389	0	15789370	0	94.55	nan	15993786	0	54223	0	0.32	nan	91394	0	23380	0	17273216
18_220322_L001.flagfile	3832379	0	0	0	37397	0	220545	0	3679387	0	96.01	nan	3794982	0	1897491	0	1897491	0	3592170	0	94.66	nan	3631060	0	10930	0	0.29	nan	11836	0	4197	0	3832379
190_220322_L001.flagfile	24741070	0	0	0	224172	0	2079065	0	23527619	0	95.1	nan	24516898	0	12258449	0	12258449	0	23057760	0	94.05	nan	23231930	0	71517	0	0.29	nan	64452	0	21592	0	24741070
191_220322_L001.flagfile	15551862	0	0	0	244508	0	1403528	0	14877762	0	95.67	nan	15307354	0	7653677	0	7653677	0	14476126	0	94.57	nan	14590984	0	42270	0	0.28	nan	57822	0	17710	0	15551862
193_220322_L001.flagfile	21387429	0	0	0	287075	0	1202533	0	15634175	0	73.1	nan	21100354	0	10550177	0	10550177	0	15159492	0	71.84	nan	15287486	0	59614	0	0.28	nan	57962	0	14114	0	21387429
194_220322_L001.flagfile	22431393	0	0	0	429439	0	1553842	0	21677833	0	96.64	nan	22001954	0	11000977	0	11000977	0	20985714	0	95.38	nan	21189942	0	58452	0	0.27	nan	80760	0	21399	0	22431393
195_220322_L001.flagfile	31322089	0	0	0	243023	0	1932112	0	26479911	0	84.54	nan	31079066	0	15539533	0	15539533	0	25864108	0	83.22	nan	26138236	0	98652	0	0.32	nan	162184	0	37932	0	31322089
196_220322_L001.flagfile	26516817	0	0	0	306409	0	2636260	0	25024803	0	94.37	nan	26210408	0	13105204	0	13105204	0	24445536	0	93.27	nan	24643752	0	74642	0	0.28	nan	78856	0	29057	0	26516817
197_220322_L001.flagfile	19575884	0	0	0	174470	0	1233644	0	17881743	0	91.35	nan	19401414	0	9700707	0	9700707	0	17503210	0	90.22	nan	17657146	0	50127	0	0.26	nan	54194	0	18871	0	19575884
198_220322_L001.flagfile	26346865	0	0	0	232353	0	1994567	0	24266171	0	92.1	nan	26114512	0	13057256	0	13057256	0	23776778	0	91.05	nan	23960512	0	73306	0	0.28	nan	63348	0	22071	0	26346865
199_220322_L001.flagfile	22246399	0	0	0	215151	0	1658959	0	21215185	0	95.36	nan	22031248	0	11015624	0	11015624	0	20786122	0	94.35	nan	20940448	0	59586	0	0.27	nan	60210	0	19447	0	22246399
19_220322_L001.flagfile	32926755	0	0	0	303773	0	2894348	0	31684921	0	96.23	nan	32622982	0	16311491	0	16311491	0	30967536	0	94.93	nan	31288538	0	92610	0	0.28	nan	90280	0	30073	0	32926755
1_220322_L001.flagfile	24746526	0	0	0	248668	0	1756490	0	23670430	0	95.65	nan	24497858	0	12248929	0	12248929	0	23127266	0	94.41	nan	23350996	0	70766	0	0.29	nan	72552	0	25461	0	24746526
200_220322_L001.flagfile	24163029	0	0	0	173361	0	2158873	0	22593378	0	93.5	nan	23989668	0	11994834	0	11994834	0	22184480	0	92.48	nan	22351338	0	68679	0	0.29	nan	49738	0	16095	0	24163029
202_220322_L001	25205515	0	0	0	213817	0	1603941	0	20401217	0	80.94	nan	24991698	0	12495849	0	12495849	0	19984266	0	79.96	nan	20125754	0	61646	0	0.25	nan	55354	0	17235	0	25205515
202_220322_L001.flagfile	25205515	0	0	0	213817	0	1603959	0	20401217	0	80.94	nan	24991698	0	12495849	0	12495849	0	19983810	0	79.96	nan	20125754	0	61646	0	0.25	nan	55376	0	17253	0	25205515
203_220322_L001.flagfile	26160201	0	0	0	238137	0	1929519	0	25001670	0	95.57	nan	25922064	0	12961032	0	12961032	0	24495922	0	94.5	nan	24684928	0	78605	0	0.3	nan	65834	0	21774	0	26160201
204_220322_L001.flagfile	25298908	0	0	0	251340	0	1842896	0	24096034	0	95.25	nan	25047568	0	12523784	0	12523784	0	23589876	0	94.18	nan	23769022	0	75672	0	0.3	nan	67576	0	24027	0	25298908
205_220322_L001.flagfile	27524365	0	0	0	255503	0	1874434	0	25945127	0	94.26	nan	27268862	0	13634431	0	13634431	0	25430636	0	93.26	nan	25614300	0	75324	0	0.28	nan	70952	0	24515	0	27524365
207_220322_L001.flagfile	15390054	0	0	0	124388	0	761944	0	13153464	0	85.47	nan	15265666	0	7632833	0	7632833	0	12898186	0	84.49	nan	12989616	0	39460	0	0.26	nan	42212	0	14948	0	15390054
213_220322_L001.flagfile	16447311	0	0	0	152033	0	968432	0	15701210	0	95.46	nan	16295278	0	8147639	0	8147639	0	15340900	0	94.14	nan	15494284	0	54893	0	0.34	nan	53078	0	18287	0	16447311
214_220322_L001.flagfile	22753470	0	0	0	234178	0	2040293	0	21901454	0	96.26	nan	22519292	0	11259646	0	11259646	0	21415670	0	95.1	nan	21605712	0	61564	0	0.27	nan	67118	0	22726	0	22753470
215_220322_L001.flagfile	26957832	0	0	0	243640	0	2186884	0	25708722	0	95.37	nan	26714192	0	13357096	0	13357096	0	25177994	0	94.25	nan	25392112	0	72970	0	0.27	nan	74492	0	25138	0	26957832
216_220322_L001.flagfile	23876769	0	0	0	170949	0	1691152	0	22854153	0	95.72	nan	23705820	0	11852910	0	11852910	0	22451582	0	94.71	nan	22617816	0	65388	0	0.28	nan	57652	0	19330	0	23876769
217_220322_L001.flagfile	27439000	0	0	0	173826	0	2411616	0	25819261	0	94.1	nan	27265174	0	13632587	0	13632587	0	25349856	0	92.98	nan	25579090	0	66345	0	0.24	nan	66602	0	21353	0	27439000
218_220322_L001.flagfile	25015109	0	0	0	164381	0	1420753	0	21682238	0	86.68	nan	24850728	0	12425364	0	12425364	0	21248936	0	85.51	nan	21446154	0	71703	0	0.29	nan	98834	0	25358	0	25015109
219_220322_L001.flagfile	21355504	0	0	0	225946	0	1543276	0	20798030	0	97.39	nan	21129558	0	10564779	0	10564779	0	20383786	0	96.47	nan	20518266	0	53818	0	0.25	nan	72628	0	24011	0	21355504
21_220322_L001.flagfile	27449112	0	0	0	221924	0	1998754	0	25781238	0	93.92	nan	27227188	0	13613594	0	13613594	0	25233982	0	92.68	nan	25487874	0	71440	0	0.26	nan	62876	0	20523	0	27449112
220_220322_L001.flagfile	24962179	0	0	0	223431	0	2099250	0	23790928	0	95.31	nan	24738748	0	12369374	0	12369374	0	23298746	0	94.18	nan	23500514	0	66983	0	0.27	nan	62284	0	20481	0	24962179
221_220322_L001.flagfile	18142736	0	0	0	165748	0	1320863	0	17377483	0	95.78	nan	17976988	0	8988494	0	8988494	0	17021010	0	94.68	nan	17157794	0	53941	0	0.3	nan	55006	0	18894	0	18142736
222_220322_L001.flagfile	22336500	0	0	0	161664	0	1795025	0	21312154	0	95.41	nan	22174836	0	11087418	0	11087418	0	20882490	0	94.17	nan	21085634	0	64856	0	0.29	nan	53194	0	17868	0	22336500
223_220322_L001.flagfile	19975847	0	0	0	208973	0	1332066	0	19199848	0	96.12	nan	19766874	0	9883437	0	9883437	0	18767920	0	94.95	nan	18934756	0	56119	0	0.28	nan	60212	0	20232	0	19975847
224_220322_L001.flagfile	22445244	0	0	0	144752	0	1788909	0	21520789	0	95.88	nan	22300492	0	11150246	0	11150246	0	21116232	0	94.69	nan	21313364	0	62673	0	0.28	nan	52428	0	17258	0	22445244
225_220322_L001.flagfile	20931081	0	0	0	154117	0	1629511	0	20037097	0	95.73	nan	20776964	0	10388482	0	10388482	0	19580804	0	94.24	nan	19824654	0	58326	0	0.28	nan	63298	0	20959	0	20931081
226_220322_L001.flagfile	28440764	0	0	0	226760	0	2176634	0	27216922	0	95.7	nan	28214004	0	14107002	0	14107002	0	26683674	0	94.58	nan	26913602	0	76560	0	0.27	nan	76442	0	25622	0	28440764
227_220322_L001.flagfile	24246941	0	0	0	199199	0	1586108	0	23179208	0	95.6	nan	24047742	0	12023871	0	12023871	0	22723160	0	94.49	nan	22911722	0	68287	0	0.28	nan	69442	0	23208	0	24246941
22_220322_L001.flagfile	62592793	0	0	0	504119	0	6222372	0	54806717	0	87.56	nan	62088674	0	31044337	0	31044337	0	53604524	0	86.34	nan	54148896	0	153702	0	0.25	nan	126586	0	35234	0	62592793
235_220322_L001.flagfile	18280544	0	0	0	223788	0	1154728	0	17226525	0	94.23	nan	18056756	0	9028378	0	9028378	0	16765076	0	92.85	nan	16949626	0	53111	0	0.29	nan	72022	0	26369	0	18280544
23_220322_L001.flagfile	24598551	0	0	0	282281	0	1804096	0	23686653	0	96.29	nan	24316270	0	12158135	0	12158135	0	23092208	0	94.97	nan	23331164	0	73208	0	0.3	nan	83052	0	28144	0	24598551
245_220322_L001.flagfile	19348910	0	0	0	2688	0	402803	0	4479225	0	23.15	nan	19346222	0	9673111	0	9673111	0	4465150	0	23.08	nan	4467276	0	9261	0	0.05	nan	1494	0	471	0	19348910
246_220322_L001	12449367	0	0	0	519	0	143972	0	2084680	0	16.75	nan	12448848	0	6224424	0	6224424	0	2080362	0	16.71	nan	2081264	0	2897	0	0.02	nan	280	0	92	0	12449367
246_220322_L001.flagfile	12449367	0	0	0	519	0	143996	0	2084661	0	16.75	nan	12448848	0	6224424	0	6224424	0	2080346	0	16.71	nan	2081234	0	2908	0	0.02	nan	286	0	98	0	12449367
248_220322_L001.flagfile	21188422	0	0	0	193216	0	1315390	0	20359221	0	96.09	nan	20995206	0	10497603	0	10497603	0	19916012	0	94.86	nan	20103782	0	62223	0	0.3	nan	68384	0	24949	0	21188422
24_220322_L001.flagfile	35127139	0	0	0	284363	0	2062602	0	22709278	0	64.65	nan	34842776	0	17421388	0	17421388	0	22201566	0	63.72	nan	22358858	0	66057	0	0.19	nan	73186	0	21370	0	35127139
251_220322_L001.flagfile	17159779	0	0	0	187221	0	1080254	0	16480604	0	96.04	nan	16972558	0	8486279	0	8486279	0	16089050	0	94.79	nan	16240084	0	53299	0	0.31	nan	60812	0	22088	0	17159779
256_220322_L001.flagfile	13647011	0	0	0	231345	0	938972	0	13232124	0	96.96	nan	13415666	0	6707833	0	6707833	0	12818144	0	95.55	nan	12959524	0	41255	0	0.31	nan	88190	0	37874	0	13647011
257_220322_L001.flagfile	21744008	0	0	0	174436	0	1261789	0	20843190	0	95.86	nan	21569572	0	10784786	0	10784786	0	20426156	0	94.7	nan	20603576	0	65178	0	0.3	nan	56672	0	18595	0	21744008
25_220322_L001.flagfile	24680962	0	0	0	270206	0	1642508	0	23323176	0	94.5	nan	24410756	0	12205378	0	12205378	0	22779352	0	93.32	nan	22984840	0	68130	0	0.28	nan	76044	0	26099	0	24680962
260_220322_L001.flagfile	32947478	0	0	0	174938	0	1824463	0	25312412	0	76.83	nan	32772540	0	16386270	0	16386270	0	24847282	0	75.82	nan	25061972	0	75502	0	0.23	nan	67606	0	24101	0	32947478
261_220322_L001.flagfile	14207440	0	0	0	73116	0	584266	0	7354935	0	51.77	nan	14134324	0	7067162	0	7067162	0	7221802	0	51.09	nan	7259150	0	22669	0	0.16	nan	21910	0	6796	0	14207440
262_220322_L001.flagfile	20973004	0	0	0	95394	0	843597	0	11104905	0	52.95	nan	20877610	0	10438805	0	10438805	0	10911194	0	52.26	nan	10975528	0	33983	0	0.16	nan	25164	0	6818	0	20973004
26_220322_L001.flagfile	32883139	0	0	0	331363	0	3057634	0	31630167	0	96.19	nan	32551776	0	16275888	0	16275888	0	30909854	0	94.96	nan	31203932	0	94872	0	0.29	nan	92516	0	30670	0	32883139
273_220322_L001	20486014	0	0	0	194062	0	1600587	0	19567766	0	95.52	nan	20291952	0	10145976	0	10145976	0	19131574	0	94.28	nan	19313208	0	60496	0	0.3	nan	65940	0	23987	0	20486014
273_220322_L001.flagfile	20486016	0	0	0	194064	0	1600700	0	19567778	0	95.52	nan	20291952	0	10145976	0	10145976	0	19134628	0	94.3	nan	19313228	0	60486	0	0.3	nan	65712	0	23912	0	20486016
274_220322_L001.flagfile	15823388	0	0	0	186902	0	1026529	0	15151755	0	95.76	nan	15636486	0	7818243	0	7818243	0	14763380	0	94.42	nan	14919430	0	45423	0	0.29	nan	58634	0	22759	0	15823388
27_220322_L001.flagfile	23148407	0	0	0	173637	0	1420532	0	21473093	0	92.76	nan	22974770	0	11487385	0	11487385	0	21070668	0	91.71	nan	21238256	0	61200	0	0.27	nan	50416	0	15481	0	23148407
291_220322_L001.flagfile	13607586	0	0	0	185428	0	849066	0	13206707	0	97.05	nan	13422158	0	6711079	0	6711079	0	12854504	0	95.77	nan	12976986	0	44293	0	0.33	nan	61090	0	22096	0	13607586
294_220322_L001.flagfile	14451664	0	0	0	230034	0	848621	0	13555604	0	93.8	nan	14221630	0	7110815	0	7110815	0	13135070	0	92.36	nan	13280794	0	44776	0	0.31	nan	73550	0	24608	0	14451664
295_220322_L001.flagfile	20499096	0	0	0	261040	0	1625906	0	19660995	0	95.91	nan	20238056	0	10119028	0	10119028	0	19165002	0	94.7	nan	19338268	0	61687	0	0.3	nan	78814	0	27958	0	20499096
299_220322_L001.flagfile	20891938	0	0	0	190194	0	1633452	0	18726255	0	89.63	nan	20701744	0	10350872	0	10350872	0	18345600	0	88.62	nan	18476594	0	59467	0	0.29	nan	46922	0	14686	0	20891938
29_220322_L001.flagfile	30576279	0	0	0	228655	0	3049571	0	29332062	0	95.93	nan	30347624	0	15173812	0	15173812	0	28773954	0	94.81	nan	29022524	0	80883	0	0.27	nan	58620	0	16093	0	30576279
2_220322_L001.flagfile	23472735	0	0	0	240353	0	2075806	0	22452999	0	95.66	nan	23232382	0	11616191	0	11616191	0	21923644	0	94.37	nan	22137728	0	74918	0	0.32	nan	68640	0	23449	0	23472735
301_220322_L001.flagfile	18399444	0	0	0	166796	0	1320477	0	17479135	0	95.0	nan	18232648	0	9116324	0	9116324	0	17118282	0	93.89	nan	17259818	0	52521	0	0.29	nan	51972	0	18576	0	18399444
304_220322_L001	19650399	0	0	0	244941	0	1692983	0	18708813	0	95.21	nan	19405458	0	9702729	0	9702729	0	18235154	0	93.97	nan	18408584	0	55288	0	0.28	nan	60090	0	20344	0	19650399
304_220322_L001.flagfile	19650399	0	0	0	244941	0	1692978	0	18708809	0	95.21	nan	19405458	0	9702729	0	9702729	0	18234464	0	93.97	nan	18408578	0	55290	0	0.28	nan	60134	0	20356	0	19650399
305_220322_L001.flagfile	19540849	0	0	0	340397	0	1089688	0	18804493	0	96.23	nan	19200452	0	9600226	0	9600226	0	18236952	0	94.98	nan	18407442	0	56654	0	0.3	nan	73934	0	28625	0	19540849
306_220322_L001.flagfile	21438333	0	0	0	353159	0	1497987	0	20394145	0	95.13	nan	21085174	0	10542587	0	10542587	0	19785562	0	93.84	nan	19979290	0	61696	0	0.29	nan	87202	0	34870	0	21438333
308_220322_L001.flagfile	26629439	0	0	0	204783	0	2286190	0	25248682	0	94.81	nan	26424656	0	13212328	0	13212328	0	24792628	0	93.82	nan	24969586	0	74313	0	0.28	nan	58016	0	19329	0	26629439
309_220322_L001.flagfile	21289860	0	0	0	266010	0	1690732	0	20302666	0	95.36	nan	21023850	0	10511925	0	10511925	0	19797748	0	94.17	nan	19977310	0	59346	0	0.28	nan	69840	0	25713	0	21289860
30_220322_L001.flagfile	30025289	0	0	0	238719	0	2826037	0	27929107	0	93.02	nan	29786570	0	14893285	0	14893285	0	27308998	0	91.68	nan	27613604	0	76784	0	0.26	nan	66516	0	19151	0	30025289
310_220322_L001.flagfile	26297518	0	0	0	317820	0	2569161	0	24715863	0	93.99	nan	25979698	0	12989849	0	12989849	0	24130502	0	92.88	nan	24324974	0	73069	0	0.28	nan	73104	0	23448	0	26297518
311_220322_L001.flagfile	17311182	0	0	0	90924	0	1111815	0	12545964	0	72.47	nan	17220258	0	8610129	0	8610129	0	12353804	0	71.74	nan	12416694	0	38346	0	0.22	nan	25678	0	7666	0	17311182
313_220322_L001.flagfile	20914868	0	0	0	296530	0	1617600	0	19954888	0	95.41	nan	20618338	0	10309169	0	10309169	0	19410794	0	94.14	nan	19598202	0	60156	0	0.29	nan	69908	0	24645	0	20914868
314_220322_L001.flagfile	24345343	0	0	0	241943	0	1276003	0	16722035	0	68.69	nan	24103400	0	12051700	0	12051700	0	16286830	0	67.57	nan	16421164	0	58928	0	0.24	nan	64216	0	14163	0	24345343
315_220322_L001.flagfile	18180628	0	0	0	30120	0	385057	0	5864634	0	32.26	nan	18150508	0	9075254	0	9075254	0	5795098	0	31.93	nan	5820362	0	14152	0	0.08	nan	10796	0	3219	0	18180628
316_220322_L001.flagfile	18130862	0	0	0	327298	0	1474131	0	16511506	0	91.07	nan	17803564	0	8901782	0	8901782	0	15998848	0	89.86	nan	16132406	0	51802	0	0.29	nan	66550	0	19312	0	18130862
317_220322_L001.flagfile	23157779	0	0	0	419315	0	1686846	0	22326527	0	96.41	nan	22738464	0	11369232	0	11369232	0	21618524	0	95.07	nan	21843474	0	63738	0	0.28	nan	112022	0	41926	0	23157779
319_220322_L001.flagfile	19827050	0	0	0	416244	0	1317055	0	19203835	0	96.86	nan	19410806	0	9705403	0	9705403	0	18522202	0	95.42	nan	18732458	0	55133	0	0.28	nan	116382	0	47097	0	19827050
31_220322_L001.flagfile	31764783	0	0	0	420023	0	2347481	0	30828091	0	97.05	nan	31344760	0	15672380	0	15672380	0	29971722	0	95.62	nan	30318632	0	89436	0	0.29	nan	132864	0	48976	0	31764783
320_220322_L001.flagfile	19348549	0	0	0	335787	0	1446865	0	18644144	0	96.36	nan	19012762	0	9506381	0	9506381	0	18071150	0	95.05	nan	18253834	0	54523	0	0.29	nan	93204	0	37936	0	19348549
322_220322_L001.flagfile	20817293	0	0	0	380859	0	1220511	0	13365092	0	64.2	nan	20436434	0	10218217	0	10218217	0	12784066	0	62.56	nan	12940648	0	43585	0	0.21	nan	68606	0	18312	0	20817293
323_220322_L001.flagfile	17984765	0	0	0	256455	0	978064	0	13773415	0	76.58	nan	17728310	0	8864155	0	8864155	0	13334598	0	75.22	nan	13464956	0	52004	0	0.29	nan	59964	0	17506	0	17984765
329_220322_L001.flagfile	22376040	0	0	0	194270	0	1812573	0	21216247	0	94.82	nan	22181770	0	11090885	0	11090885	0	20772942	0	93.65	nan	20960488	0	61489	0	0.28	nan	66554	0	23356	0	22376040
330_220322_L001.flagfile	20486459	0	0	0	141961	0	1391146	0	19146965	0	93.46	nan	20344498	0	10172249	0	10172249	0	18805146	0	92.43	nan	18944416	0	60588	0	0.3	nan	51366	0	16673	0	20486459
331_220322_L001.flagfile	24755616	0	0	0	279360	0	2279591	0	23075952	0	93.22	nan	24476256	0	12238128	0	12238128	0	22525416	0	92.03	nan	22724738	0	71854	0	0.29	nan	73438	0	21751	0	24755616
332_220322_L001.flagfile	25249171	0	0	0	261719	0	1871771	0	23813054	0	94.31	nan	24987452	0	12493726	0	12493726	0	23282156	0	93.18	nan	23482348	0	68987	0	0.28	nan	70980	0	22221	0	25249171
333_220322_L001.flagfile	16050608	0	0	0	239666	0	1669616	0	15110259	0	94.14	nan	15810942	0	7905471	0	7905471	0	14688998	0	92.9	nan	14813256	0	57337	0	0.36	nan	58556	0	18058	0	16050608
334_220322_L001.flagfile	20623354	0	0	0	159402	0	1528448	0	19075573	0	92.5	nan	20463952	0	10231976	0	10231976	0	18730942	0	91.53	nan	18859056	0	57115	0	0.28	nan	51320	0	16010	0	20623354
335_220322_L001.flagfile	16516169	0	0	0	141501	0	1383734	0	15775294	0	95.51	nan	16374668	0	8187334	0	8187334	0	15463182	0	94.43	nan	15588568	0	45225	0	0.28	nan	47722	0	16171	0	16516169
336_220322_L001.flagfile	20054975	0	0	0	121013	0	1466889	0	18920993	0	94.35	nan	19933962	0	9966981	0	9966981	0	18584836	0	93.23	nan	18742112	0	57868	0	0.29	nan	44312	0	14472	0	20054975
338_220322_L001.flagfile	18911433	0	0	0	295237	0	1290605	0	18127566	0	95.86	nan	18616196	0	9308098	0	9308098	0	17597512	0	94.53	nan	17773090	0	59239	0	0.32	nan	72340	0	27592	0	18911433
339_220322_L001.flagfile	18220559	0	0	0	199901	0	935081	0	15324222	0	84.1	nan	18020658	0	9010329	0	9010329	0	14941842	0	82.92	nan	15076812	0	47509	0	0.26	nan	62844	0	25798	0	18220559
33_220322_L001.flagfile	27048305	0	0	0	297303	0	1913347	0	26200334	0	96.86	nan	26751002	0	13375501	0	13375501	0	25610488	0	95.74	nan	25811014	0	92017	0	0.34	nan	81334	0	26283	0	27048305
342_220322_L001.flagfile	16565900	0	0	0	227094	0	879218	0	14196985	0	85.7	nan	16338806	0	8169403	0	8169403	0	13792210	0	84.41	nan	13925104	0	44787	0	0.27	nan	65912	0	27196	0	16565900
343_220322_L001.flagfile	21326802	0	0	0	228466	0	1068106	0	16800146	0	78.77	nan	21098336	0	10549168	0	10549168	0	16389174	0	77.68	nan	16522548	0	49132	0	0.23	nan	60914	0	22857	0	21326802
346_220322_L001.flagfile	21012176	0	0	0	234226	0	1471208	0	18117132	0	86.22	nan	20777950	0	10388975	0	10388975	0	17668640	0	85.04	nan	17831076	0	51830	0	0.25	nan	72214	0	28634	0	21012176
34_220322_L001.flagfile	15351927	0	0	0	197049	0	1228530	0	14925567	0	97.22	nan	15154878	0	7577439	0	7577439	0	14555312	0	96.04	nan	14687648	0	40870	0	0.27	nan	57098	0	20411	0	15351927
352_220322_L001.flagfile	14650338	0	0	0	228928	0	831346	0	14220159	0	97.06	nan	14421410	0	7210705	0	7210705	0	13795740	0	95.66	nan	13942714	0	48517	0	0.34	nan	79926	0	30768	0	14650338
353_220322_L001.flagfile	20540378	0	0	0	350506	0	1281418	0	20010981	0	97.42	nan	20189872	0	10094936	0	10094936	0	19358822	0	95.88	nan	19594912	0	65563	0	0.32	nan	119614	0	46372	0	20540378
354_220322_L001.flagfile	23434043	0	0	0	362539	0	1615940	0	22788526	0	97.25	nan	23071504	0	11535752	0	11535752	0	22071212	0	95.66	nan	22356188	0	69799	0	0.3	nan	123858	0	47344	0	23434043
355_220322_L001.flagfile	19029889	0	0	0	293159	0	1132823	0	18549273	0	97.47	nan	18736730	0	9368365	0	9368365	0	17954136	0	95.82	nan	18196042	0	60072	0	0.32	nan	105844	0	40896	0	19029889
356_220322_L001.flagfile	18448699	0	0	0	302541	0	1176804	0	17982993	0	97.48	nan	18146158	0	9073079	0	9073079	0	17398492	0	95.88	nan	17625782	0	54670	0	0.3	nan	102810	0	40343	0	18448699
357_220322_L001.flagfile	17573516	0	0	0	277410	0	1212325	0	17135809	0	97.51	nan	17296106	0	8648053	0	8648053	0	16607766	0	96.02	nan	16805204	0	53195	0	0.31	nan	96304	0	37371	0	17573516
358_220322_L001.flagfile	18660896	0	0	0	342538	0	1243683	0	18210982	0	97.59	nan	18318358	0	9159179	0	9159179	0	17562840	0	95.88	nan	17802290	0	66154	0	0.36	nan	116612	0	45587	0	18660896
359_220322_L001.flagfile	14531406	0	0	0	268422	0	834722	0	14166807	0	97.49	nan	14262984	0	7131492	0	7131492	0	13696336	0	96.03	nan	13855982	0	42403	0	0.3	nan	72254	0	26431	0	14531406
35_220322_L001.flagfile	49242250	0	0	0	626640	0	3928024	0	46718125	0	94.87	nan	48615610	0	24307805	0	24307805	0	45453684	0	93.5	nan	45926030	0	165455	0	0.34	nan	234180	0	83077	0	49242250
361_220322_L001.flagfile	33066787	0	0	0	549655	0	2468942	0	32157558	0	97.25	nan	32517132	0	16258566	0	16258566	0	31141076	0	95.77	nan	31506930	0	100973	0	0.31	nan	192436	0	76263	0	33066787
362_220322_L001.flagfile	32777483	0	0	0	560069	0	2661846	0	31768317	0	96.92	nan	32217414	0	16108707	0	16108707	0	30721444	0	95.36	nan	31113536	0	94712	0	0.29	nan	198382	0	77691	0	32777483
363_220322_L001.flagfile	25053543	0	0	0	406407	0	1696072	0	24421504	0	97.48	nan	24647136	0	12323568	0	12323568	0	23675798	0	96.06	nan	23936130	0	78967	0	0.32	nan	137734	0	52114	0	25053543
364_220322_L001.flagfile	28366175	0	0	0	447177	0	2548618	0	27589301	0	97.26	nan	27918998	0	13959499	0	13959499	0	26748140	0	95.81	nan	27065476	0	76648	0	0.27	nan	142384	0	53144	0	28366175
365_220322_L001.flagfile	23771771	0	0	0	395595	0	1707511	0	23154545	0	97.4	nan	23376176	0	11688088	0	11688088	0	22409542	0	95.86	nan	22687730	0	71220	0	0.3	nan	138968	0	54697	0	23771771
369_220322_L001.flagfile	29521660	0	0	0	239066	0	2632128	0	28111267	0	95.22	nan	29282594	0	14641297	0	14641297	0	27596242	0	94.24	nan	27782836	0	89365	0	0.31	nan	70474	0	22506	0	29521660
36_220322_L001.flagfile	17426768	0	0	0	189732	0	1169068	0	16915020	0	97.06	nan	17237036	0	8618518	0	8618518	0	16557436	0	96.06	nan	16682648	0	42640	0	0.25	nan	52748	0	17539	0	17426768
370_220322_L001.flagfile	29498839	0	0	0	318713	0	2355471	0	28046838	0	95.08	nan	29180126	0	14590063	0	14590063	0	27429838	0	94.0	nan	27650000	0	78125	0	0.27	nan	88296	0	33205	0	29498839
373_220322_L001.flagfile	19732496	0	0	0	225996	0	1129117	0	15916357	0	80.66	nan	19506500	0	9753250	0	9753250	0	15474246	0	79.33	nan	15638374	0	51987	0	0.27	nan	67720	0	27890	0	19732496
37_220322_L001.flagfile	17816322	0	0	0	149794	0	1121456	0	17130217	0	96.15	nan	17666528	0	8833264	0	8833264	0	16799238	0	95.09	nan	16935290	0	45133	0	0.26	nan	37656	0	11026	0	17816322
386_220322_L001.flagfile	31201189	0	0	0	386085	0	2488501	0	30098580	0	96.47	nan	30815104	0	15407552	0	15407552	0	29327442	0	95.17	nan	29634218	0	78277	0	0.25	nan	114956	0	41907	0	31201189
387_220322_L001.flagfile	27721402	0	0	0	361288	0	1729659	0	26823268	0	96.76	nan	27360114	0	13680057	0	13680057	0	26130616	0	95.51	nan	26383844	0	78136	0	0.29	nan	133180	0	50367	0	27721402
390_220322_L001	22109762	0	0	0	323396	0	1528226	0	21547564	0	97.46	nan	21786366	0	10893183	0	10893183	0	20919690	0	96.02	nan	21161964	0	62204	0	0.29	nan	111324	0	43435	0	22109762
390_220322_L001.flagfile	22109762	0	0	0	323396	0	1528178	0	21547576	0	97.46	nan	21786366	0	10893183	0	10893183	0	20920754	0	96.03	nan	21161984	0	62196	0	0.29	nan	111270	0	43421	0	22109762
391_220322_L001.flagfile	22446166	0	0	0	344930	0	1531006	0	21850063	0	97.34	nan	22101236	0	11050618	0	11050618	0	21219098	0	96.01	nan	21443826	0	61307	0	0.28	nan	103796	0	39827	0	22446166
393_220322_L001.flagfile	23437582	0	0	0	339072	0	1783890	0	22826342	0	97.39	nan	23098510	0	11549255	0	11549255	0	22156156	0	95.92	nan	22418400	0	68870	0	0.3	nan	120636	0	47629	0	23437582
394_220322_L001.flagfile	30904967	0	0	0	429399	0	2258226	0	30096772	0	97.38	nan	30475568	0	15237784	0	15237784	0	29241784	0	95.95	nan	29575944	0	91429	0	0.3	nan	156788	0	61569	0	30904967
398_220322_L001.flagfile	25461013	0	0	0	390711	0	1720530	0	24847357	0	97.59	nan	25070302	0	12535151	0	12535151	0	24102406	0	96.14	nan	24386872	0	69774	0	0.28	nan	143104	0	55415	0	25461013
399_220322_L001.flagfile	29786894	0	0	0	508464	0	2364214	0	29140358	0	97.83	nan	29278430	0	14639215	0	14639215	0	28204008	0	96.33	nan	28554816	0	77078	0	0.26	nan	177348	0	66457	0	29786894
39_220322_L001.flagfile	23119972	0	0	0	279646	0	1659587	0	22452118	0	97.11	nan	22840326	0	11420163	0	11420163	0	21867910	0	95.74	nan	22101812	0	70660	0	0.31	nan	93046	0	33443	0	23119972
3_220322_L001.flagfile	21514345	0	0	0	204749	0	1915026	0	20666379	0	96.06	nan	21309596	0	10654798	0	10654798	0	20225956	0	94.91	nan	20405202	0	56428	0	0.26	nan	56808	0	18938	0	21514345
403_220322_L001.flagfile	22358662	0	0	0	442112	0	1494273	0	21981663	0	98.31	nan	21916550	0	10958275	0	10958275	0	21128432	0	96.4	nan	21471566	0	67985	0	0.31	nan	176896	0	71131	0	22358662
404_220322_L001.flagfile	23769773	0	0	0	473701	0	1928334	0	23319154	0	98.1	nan	23296072	0	11648036	0	11648036	0	22409486	0	96.19	nan	22759728	0	85725	0	0.37	nan	177766	0	71247	0	23769773
406_220322_L001.flagfile	26006760	0	0	0	276032	0	1855130	0	25223249	0	96.99	nan	25730728	0	12865364	0	12865364	0	24622500	0	95.69	nan	24880892	0	66325	0	0.26	nan	111684	0	42252	0	26006760
407_220322_L001.flagfile	20527151	0	0	0	193933	0	1255397	0	20051068	0	97.68	nan	20333218	0	10166609	0	10166609	0	19637874	0	96.58	nan	19806548	0	50587	0	0.25	nan	73574	0	26632	0	20527151
408_220322_L001.flagfile	24970323	0	0	0	253619	0	1769236	0	24519880	0	98.2	nan	24716704	0	12358352	0	12358352	0	23965440	0	96.96	nan	24203456	0	62805	0	0.25	nan	108138	0	40837	0	24970323
409_220322_L001.flagfile	21089916	0	0	0	323592	0	1466229	0	20842657	0	98.83	nan	20766324	0	10383162	0	10383162	0	20147462	0	97.02	nan	20457936	0	61129	0	0.29	nan	168206	0	74352	0	21089916
410_220322_L001.flagfile	16764871	0	0	0	233625	0	1045656	0	16501140	0	98.43	nan	16531246	0	8265623	0	8265623	0	15972680	0	96.62	nan	16197362	0	70153	0	0.42	nan	134862	0	54975	0	16764871
411_220322_L001.flagfile	20098313	0	0	0	311359	0	1443849	0	19861095	0	98.82	nan	19786954	0	9893477	0	9893477	0	19193568	0	97.0	nan	19494106	0	55630	0	0.28	nan	134406	0	53493	0	20098313
412_220322_L001.flagfile	20071842	0	0	0	311650	0	1485312	0	19838615	0	98.84	nan	19760192	0	9880096	0	9880096	0	19177440	0	97.05	nan	19468684	0	58281	0	0.29	nan	154978	0	70794	0	20071842
413_220322_L001.flagfile	24997618	0	0	0	368140	0	1851239	0	24612345	0	98.46	nan	24629478	0	12314739	0	12314739	0	23831160	0	96.76	nan	24172216	0	71989	0	0.29	nan	166258	0	76250	0	24997618
414_220322_L001.flagfile	25485743	0	0	0	386835	0	1904389	0	25093710	0	98.46	nan	25098908	0	12549454	0	12549454	0	24317054	0	96.88	nan	24640660	0	66215	0	0.26	nan	181670	0	88235	0	25485743
415_220322_L001.flagfile	22022632	0	0	0	359126	0	1860602	0	21814124	0	99.05	nan	21663506	0	10831753	0	10831753	0	20996328	0	96.92	nan	21383814	0	71184	0	0.33	nan	236628	0	117463	0	22022632
416_220322_L001.flagfile	20175332	0	0	0	311698	0	1393956	0	19934668	0	98.81	nan	19863634	0	9931817	0	9931817	0	19286932	0	97.1	nan	19568198	0	54772	0	0.28	nan	139870	0	56036	0	20175332
41_220322_L001.flagfile	10474055	0	0	0	154433	0	656256	0	10192688	0	97.31	nan	10319622	0	5159811	0	5159811	0	9910376	0	96.03	nan	10006236	0	32019	0	0.31	nan	48266	0	17369	0	10474055
42_220322_L001.flagfile	17348906	0	0	0	195998	0	1136413	0	16827080	0	96.99	nan	17152908	0	8576454	0	8576454	0	16431326	0	95.79	nan	16583918	0	47164	0	0.27	nan	62304	0	22130	0	17348906
43_220322_L001.flagfile	15873726	0	0	0	136366	0	1178926	0	15023911	0	94.65	nan	15737360	0	7868680	0	7868680	0	14744428	0	93.69	nan	14841438	0	46107	0	0.29	nan	33762	0	9829	0	15873726
44_220322_L001.flagfile	21259035	0	0	0	190493	0	1632435	0	20361042	0	95.78	nan	21068542	0	10534271	0	10534271	0	19991060	0	94.89	nan	20110762	0	59787	0	0.28	nan	47132	0	13811	0	21259035
45_220322_L001.flagfile	23295812	0	0	0	332370	0	1593752	0	22664786	0	97.29	nan	22963442	0	11481721	0	11481721	0	22046964	0	96.01	nan	22268872	0	63544	0	0.28	nan	94304	0	32263	0	23295812
48_220322_L001.flagfile	19183499	0	0	0	4931	0	1310679	0	6794392	0	35.42	nan	19178568	0	9589284	0	9589284	0	6762570	0	35.26	nan	6778778	0	10683	0	0.06	nan	3762	0	1121	0	19183499
49_220322_L001.flagfile	1564231	0	0	0	319	0	53394	0	559551	0	35.77	nan	1563912	0	781956	0	781956	0	557490	0	35.65	nan	558520	0	712	0	0.05	nan	286	0	81	0	1564231
4_220322_L001.flagfile	23997735	0	0	0	204075	0	1872759	0	23010365	0	95.89	nan	23793660	0	11896830	0	11896830	0	22506364	0	94.59	nan	22735776	0	70514	0	0.3	nan	56444	0	17183	0	23997735
51_220322_L001.flagfile	1287188	0	0	0	622	0	59661	0	456462	0	35.46	nan	1286566	0	643283	0	643283	0	453706	0	35.26	nan	455018	0	822	0	0.06	nan	390	0	122	0	1287188
52_220322_L001.flagfile	16097287	0	0	0	164073	0	982783	0	14942866	0	92.83	nan	15933214	0	7966607	0	7966607	0	14645228	0	91.92	nan	14739374	0	39419	0	0.25	nan	43432	0	14582	0	16097287
53_220322_L001.flagfile	26737405	0	0	0	346425	0	2119030	0	25702160	0	96.13	nan	26390980	0	13195490	0	13195490	0	25084032	0	95.05	nan	25287486	0	68249	0	0.26	nan	82790	0	28976	0	26737405
54_220322_L001.flagfile	2046619	0	0	0	19331	0	114900	0	1870612	0	91.4	nan	2027288	0	1013644	0	1013644	0	1834638	0	90.5	nan	1845650	0	5631	0	0.28	nan	4418	0	1397	0	2046619
55_220322_L001.flagfile	1380843	0	0	0	21385	0	78164	0	1337743	0	96.88	nan	1359458	0	679729	0	679729	0	1300924	0	95.69	nan	1312906	0	3452	0	0.25	nan	5210	0	1885	0	1380843
56_220322_L001.flagfile	1761991	0	0	0	22303	0	89095	0	1600356	0	90.83	nan	1739688	0	869844	0	869844	0	1561778	0	89.77	nan	1573020	0	5033	0	0.29	nan	5054	0	1740	0	1761991
57_220322_L001	19594082	0	0	0	158142	0	1528245	0	18329125	0	93.54	nan	19435940	0	9717970	0	9717970	0	17984814	0	92.53	nan	18118266	0	52717	0	0.27	nan	46040	0	13853	0	19594082
57_220322_L001.flagfile	19594082	0	0	0	158142	0	1528244	0	18329134	0	93.54	nan	19435940	0	9717970	0	9717970	0	17986206	0	92.54	nan	18118280	0	52712	0	0.27	nan	45962	0	13853	0	19594082
58_220322_L001.flagfile	23662641	0	0	0	217581	0	1682566	0	21165002	0	89.44	nan	23445060	0	11722530	0	11722530	0	20737592	0	88.45	nan	20881994	0	65427	0	0.28	nan	54288	0	15917	0	23662641
59_220322_L001.flagfile	62354579	0	0	0	644073	0	7736169	0	59966149	0	96.17	nan	61710506	0	30855253	0	30855253	0	58591838	0	94.95	nan	59151812	0	170264	0	0.28	nan	186850	0	64658	0	62354579
5_220322_L001.flagfile	49250272	0	0	0	625794	0	5529871	0	47576289	0	96.6	nan	48624478	0	24312239	0	24312239	0	46111272	0	94.83	nan	46797200	0	153295	0	0.32	nan	188708	0	69537	0	49250272
60_220322_L001.flagfile	20055653	0	0	0	179463	0	1864063	0	18328969	0	91.39	nan	19876190	0	9938095	0	9938095	0	17969968	0	90.41	nan	18093738	0	55768	0	0.28	nan	47260	0	14244	0	20055653
61_220322_L001.flagfile	3020918	0	0	0	38182	0	163533	0	2780774	0	92.05	nan	2982736	0	1491368	0	1491368	0	2713658	0	90.98	nan	2734888	0	7704	0	0.26	nan	8794	0	3132	0	3020918
63_220322_L001.flagfile	47863098	0	0	0	694266	0	3886667	0	46360375	0	96.86	nan	47168832	0	23584416	0	23584416	0	45051062	0	95.51	nan	45525616	0	140493	0	0.3	nan	178080	0	66078	0	47863098
64_220322_L001.flagfile	32443432	0	0	0	458278	0	2917640	0	31339642	0	96.6	nan	31985154	0	15992577	0	15992577	0	30499918	0	95.36	nan	30797548	0	83816	0	0.26	nan	115090	0	41609	0	32443432
65_220322_L001.flagfile	2051916	0	0	0	28572	0	123404	0	1926944	0	93.91	nan	2023344	0	1011672	0	1011672	0	1878192	0	92.83	nan	1892864	0	5508	0	0.27	nan	7080	0	2211	0	2051916
66_220322_L001.flagfile	2765470	0	0	0	33966	0	188728	0	2668318	0	96.49	nan	2731504	0	1365752	0	1365752	0	2597470	0	95.09	nan	2626130	0	8222	0	0.3	nan	10270	0	3873	0	2765470
67_220322_L001.flagfile	20107835	0	0	0	219035	0	1501650	0	19489234	0	96.92	nan	19888800	0	9944400	0	9944400	0	19054056	0	95.8	nan	19219472	0	50727	0	0.26	nan	65410	0	22811	0	20107835
68_220322_L001.flagfile	25033578	0	0	0	445250	0	2009969	0	22963288	0	91.73	nan	24588328	0	12294164	0	12294164	0	22249952	0	90.49	nan	22435366	0	82672	0	0.34	nan	78572	0	20025	0	25033578
6_220322_L001.flagfile	54153721	0	0	0	484519	0	6290020	0	52287499	0	96.55	nan	53669202	0	26834601	0	26834601	0	51005912	0	95.04	nan	51639154	0	163826	0	0.31	nan	152962	0	46669	0	54153721
71_220322_L001.flagfile	19308535	0	0	0	297193	0	1489045	0	18589648	0	96.28	nan	19011342	0	9505671	0	9505671	0	18081488	0	95.11	nan	18236768	0	55687	0	0.29	nan	69086	0	25634	0	19308535
72_220322_L001.flagfile	15677690	0	0	0	144494	0	1179954	0	14917359	0	95.15	nan	15533196	0	7766598	0	7766598	0	14627134	0	94.17	nan	14717584	0	55281	0	0.36	nan	38522	0	12812	0	15677690
73_220322_L001.flagfile	27688770	0	0	0	321580	0	2036863	0	26715986	0	96.49	nan	27367190	0	13683595	0	13683595	0	26092008	0	95.34	nan	26306238	0	88168	0	0.32	nan	94642	0	36263	0	27688770
74_220322_L001.flagfile	11984681	0	0	0	208777	0	868693	0	11616938	0	96.93	nan	11775904	0	5887952	0	5887952	0	11258600	0	95.61	nan	11377414	0	30747	0	0.26	nan	51762	0	19987	0	11984681
75_220322_L001.flagfile	24741135	0	0	0	522341	0	2754793	0	23787492	0	96.15	nan	24218794	0	12109397	0	12109397	0	22939112	0	94.72	nan	23200562	0	64589	0	0.27	nan	129178	0	55110	0	24741135
78_220322_L001.flagfile	22478116	0	0	0	270940	0	1671653	0	21686679	0	96.48	nan	22207176	0	11103588	0	11103588	0	21209052	0	95.51	nan	21355274	0	60465	0	0.27	nan	90948	0	36574	0	22478116
7_220322_L001.flagfile	50356957	0	0	0	552477	0	4716079	0	48560143	0	96.43	nan	49804480	0	24902240	0	24902240	0	47378018	0	95.13	nan	47862316	0	145350	0	0.29	nan	171616	0	58393	0	50356957
80_220322_L001.flagfile	18438229	0	0	0	218523	0	1557427	0	17780680	0	96.43	nan	18219706	0	9109853	0	9109853	0	17402576	0	95.52	nan	17511074	0	51083	0	0.28	nan	57612	0	21237	0	18438229
81_220322_L001.flagfile	17711578	0	0	0	270698	0	1414007	0	17196666	0	97.09	nan	17440880	0	8720440	0	8720440	0	16726010	0	95.9	nan	16880668	0	45300	0	0.26	nan	94742	0	40837	0	17711578
83_220322_L001	14582728	0	0	0	182170	0	1037368	0	14011056	0	96.08	nan	14400558	0	7200279	0	7200279	0	13680668	0	95.0	nan	13788982	0	39904	0	0.28	nan	65146	0	28115	0	14582728
83_220322_L001.flagfile	14582728	0	0	0	182170	0	1037386	0	14011058	0	96.08	nan	14400558	0	7200279	0	7200279	0	13680886	0	95.0	nan	13788984	0	39904	0	0.28	nan	65144	0	28109	0	14582728
84_220322_L001.flagfile	17067165	0	0	0	193761	0	1263326	0	16481408	0	96.57	nan	16873404	0	8436702	0	8436702	0	16134612	0	95.62	nan	16242432	0	45215	0	0.27	nan	57730	0	23087	0	17067165
88_220322_L001	1993624	0	0	0	23490	0	100351	0	1921766	0	96.4	nan	1970134	0	985067	0	985067	0	1878398	0	95.34	nan	1892014	0	6262	0	0.32	nan	7362	0	2751	0	1993624
88_220322_L001.flagfile	1993624	0	0	0	23490	0	100359	0	1921767	0	96.4	nan	1970134	0	985067	0	985067	0	1878450	0	95.35	nan	1892016	0	6261	0	0.32	nan	7358	0	2748	0	1993624
89_220322_L001.flagfile	16389347	0	0	0	227537	0	953084	0	15658064	0	95.54	nan	16161810	0	8080905	0	8080905	0	15236370	0	94.27	nan	15385578	0	44949	0	0.28	nan	67360	0	25576	0	16389347
8_220322_L001.flagfile	31006422	0	0	0	419432	0	2516874	0	29767221	0	96.0	nan	30586990	0	15293495	0	15293495	0	28987382	0	94.77	nan	29259394	0	88395	0	0.29	nan	100290	0	31409	0	31006422
90_220322_L001.flagfile	21057219	0	0	0	372573	0	1221421	0	20488902	0	97.3	nan	20684646	0	10342323	0	10342323	0	19799660	0	95.72	nan	20048406	0	67923	0	0.33	nan	126912	0	49440	0	21057219
91_220322_L001.flagfile	7427316	0	0	0	151672	0	283654	0	7257264	0	97.71	nan	7275644	0	3637822	0	3637822	0	6977966	0	95.91	nan	7083636	0	21956	0	0.3	nan	53190	0	20634	0	7427316
92_220322_L001.flagfile	20017130	0	0	0	360448	0	1266347	0	19492297	0	97.38	nan	19656682	0	9828341	0	9828341	0	18838274	0	95.84	nan	19069100	0	62749	0	0.32	nan	110182	0	41148	0	20017130
93_220322_L001.flagfile	19699559	0	0	0	346997	0	1328253	0	19129659	0	97.11	nan	19352562	0	9676281	0	9676281	0	18482352	0	95.5	nan	18726266	0	56396	0	0.29	nan	115484	0	43982	0	19699559
96_220322_L001.flagfile	25937898	0	0	0	429906	0	1883043	0	25302656	0	97.55	nan	25507992	0	12753996	0	12753996	0	24525952	0	96.15	nan	24798710	0	74040	0	0.29	nan	135538	0	50289	0	25937898
97_220322_L001	24872590	0	0	0	472074	0	1635752	0	24228552	0	97.41	nan	24400516	0	12200258	0	12200258	0	23430122	0	96.02	nan	23682674	0	73804	0	0.3	nan	118542	0	40807	0	24872590
97_220322_L001.flagfile	24872592	0	0	0	472076	0	1635803	0	24228557	0	97.41	nan	24400516	0	12200258	0	12200258	0	23430424	0	96.02	nan	23682680	0	73801	0	0.3	nan	118514	0	40792	0	24872592
98_220322_L001.flagfile	18229508	0	0	0	293876	0	1068482	0	17800041	0	97.64	nan	17935632	0	8967816	0	8967816	0	17290408	0	96.4	nan	17451664	0	54501	0	0.3	nan	85162	0	30356	0	18229508
99_220322_L001.flagfile	16464880	0	0	0	294220	0	1008304	0	16092726	0	97.74	nan	16170660	0	8085330	0	8085330	0	15554070	0	96.19	nan	15746910	0	51596	0	0.32	nan	100454	0	37631	0	16464880
9_220322_L001.flagfile	20976721	0	0	0	146259	0	1819680	0	18826152	0	89.75	nan	20830462	0	10415231	0	10415231	0	18465036	0	88.64	nan	18626224	0	53669	0	0.26	nan	42374	0	13161	0	20976721
