Sample	bam_file	total_reads	mapped_reads	mapped_bases	sequenced_bases	mean_insert_size	median_insert_size	mean_mapping_quality	general_error_rate	mean_coverage	percentage_aligned
100_220322_L001.srt.dp	results/100_220322_L001/100_220322_L001.srt.dp.bam	19594561.0	19020757.0	1652169247.0	1646048898.0	44660.2455	82.0	42.0069	0.0249	5.4011	97.07161594485328
101_220322_L001.srt.dp	results/101_220322_L001/101_220322_L001.srt.dp.bam	21776640.0	21269087.0	1948335306.0	1941102994.0	49779.4918	88.0	42.198	0.0251	6.3693	97.6692777214483
102_220322_L001.srt.dp	results/102_220322_L001/102_220322_L001.srt.dp.bam	19033859.0	18557916.0	1640339446.0	1634432919.0	48578.4508	85.0	42.0188	0.0247	5.3624	97.49949287740337
103_220322_L001.srt.dp	results/103_220322_L001/103_220322_L001.srt.dp.bam	20067112.0	19567904.0	1792852450.0	1785612533.0	49068.1059	90.0	42.4022	0.026	5.861	97.51230770028094
104_220322_L001.srt.dp	results/104_220322_L001/104_220322_L001.srt.dp.bam	21972441.0	21378554.0	1899775432.0	1892287509.0	45513.3628	86.0	42.182	0.0256	6.2105	97.29712779749869
105_220322_L001.srt.dp	results/105_220322_L001/105_220322_L001.srt.dp.bam	32974459.0	31883518.0	2184953722.0	2178853202.0	50627.0667	65.0	40.4221	0.0229	7.1428	96.69155754761587
106_220322_L001.srt.dp	results/106_220322_L001/106_220322_L001.srt.dp.bam	28269743.0	27330664.0	1866302398.0	1860923359.0	40542.4077	64.0	40.3497	0.0228	6.1011	96.6781480822093
107_220322_L001.srt.dp	results/107_220322_L001/107_220322_L001.srt.dp.bam	32582249.0	31549480.0	2507875195.0	2499425473.0	77620.9782	76.0	41.0677	0.0255	8.1984	96.83027098589787
108_220322_L001.srt.dp	results/108_220322_L001/108_220322_L001.srt.dp.bam	25741066.0	24856715.0	1771078511.0	1765321387.0	49989.2736	66.0	40.7397	0.0247	5.7898	96.56443521025896
109_220322_L001.srt.dp	results/109_220322_L001/109_220322_L001.srt.dp.bam	26152320.0	25343504.0	1880115495.0	1873960689.0	43592.2977	68.0	40.9566	0.0244	6.1462	96.90728776643908
10_220322_L001.srt.dp	results/10_220322_L001/10_220322_L001.srt.dp.bam	19288968.0	18558366.0	1270797975.0	1266929739.0	45513.1418	63.0	40.4719	0.0233	4.1543	96.21233235495025
110_220322_L001.srt.dp	results/110_220322_L001/110_220322_L001.srt.dp.bam	28509434.0	27686775.0	2100406568.0	2093527986.0	48752.6865	71.0	41.0891	0.0243	6.8664	97.11443236649315
111_220322_L001.srt.dp	results/111_220322_L001/111_220322_L001.srt.dp.bam	27819719.0	26915798.0	1877831692.0	1872288187.0	49128.1043	65.0	40.4337	0.0234	6.1388	96.75079032969384
112_220322_L001.srt.dp	results/112_220322_L001/112_220322_L001.srt.dp.bam	19536782.0	18868570.0	1342136007.0	1337789549.0	49278.3761	66.0	40.7225	0.0243	4.3875	96.57972331369619
113_220322_L001.srt.dp	results/113_220322_L001/113_220322_L001.srt.dp.bam	30628554.0	29704057.0	2211168600.0	2203654162.0	49014.9607	70.0	41.3334	0.0251	7.2285	96.98158456974495
114_220322_L001.srt.dp	results/114_220322_L001/114_220322_L001.srt.dp.bam	23733017.0	23318751.0	1946908882.0	1940179025.0	44043.7819	80.0	41.7233	0.025	6.3646	98.25447392550218
115_220322_L001.srt.dp	results/115_220322_L001/115_220322_L001.srt.dp.bam	25247810.0	24493198.0	1797629545.0	1792152776.0	45318.8501	68.0	40.7341	0.0238	5.8766	97.01117839527468
116_220322_L001.srt.dp	results/116_220322_L001/116_220322_L001.srt.dp.bam	22328129.0	21688859.0	1639856812.0	1634299198.0	56609.5844	71.0	40.9366	0.0248	5.3608	97.13692983411194
117_220322_L001.srt.dp	results/117_220322_L001/117_220322_L001.srt.dp.bam	23661267.0	22965675.0	1734036075.0	1728306980.0	53127.9673	71.0	40.9237	0.0252	5.6687	97.06020814523583
118_220322_L001.srt.dp	results/118_220322_L001/118_220322_L001.srt.dp.bam	22119524.0	19986731.0	1403471875.0	1399071901.0	38495.1699	66.0	40.7337	0.0247	4.5881	90.35787117299631
11_220322_L001.srt.dp	results/11_220322_L001/11_220322_L001.srt.dp.bam	45976139.0	42668826.0	2699484806.0	2692558562.0	37666.5856	58.0	39.9826	0.0219	8.8248	92.80645771494645
125_220322_L001.srt.dp	results/125_220322_L001/125_220322_L001.srt.dp.bam	21194525.0	19322386.0	1579184139.0	1573593263.0	44346.0402	77.0	41.6407	0.0253	5.1625	91.16687446404201
128_220322_L001.srt.dp	results/128_220322_L001/128_220322_L001.srt.dp.bam	23938739.0	22061576.0	1766756317.0	1761213539.0	57018.5627	73.0	41.2449	0.0229	5.7757	92.15847167221297
12_220322_L001.srt.dp	results/12_220322_L001/12_220322_L001.srt.dp.bam	35238496.0	33820111.0	2137072480.0	2131311172.0	32628.4246	58.0	39.931	0.0214	6.9863	95.97489915574148
131_220322_L001.srt.dp	results/131_220322_L001/131_220322_L001.srt.dp.bam	31586366.0	30536077.0	2655699691.0	2646913847.0	46527.1021	81.0	41.818	0.0242	8.6817	96.67486598489994
132_220322_L001.srt.dp	results/132_220322_L001/132_220322_L001.srt.dp.bam	19563817.0	18434018.0	1592692508.0	1586984763.0	43897.5792	83.0	41.8899	0.0248	5.2066	94.22505843312683
136_220322_L001.srt.dp	results/136_220322_L001/136_220322_L001.srt.dp.bam	24563094.0	21218230.0	1407658295.0	1403651101.0	28195.557	59.0	40.8115	0.0214	4.6017	86.38256239218073
13_220322_L001.srt.dp	results/13_220322_L001/13_220322_L001.srt.dp.bam	52686755.0	50041650.0	3281273033.0	3272502161.0	46674.4099	60.0	40.1854	0.0219	10.7267	94.97956364934602
140_220322_L001.srt.dp	results/140_220322_L001/140_220322_L001.srt.dp.bam	18648708.0	17369324.0	1553386392.0	1547406104.0	48987.1589	87.0	42.4113	0.0258	5.0781	93.13955690656961
141_220322_L001.srt.dp	results/141_220322_L001/141_220322_L001.srt.dp.bam	19769520.0	18791564.0	1681550140.0	1675220731.0	55186.44	88.0	41.9162	0.0257	5.4971	95.05321322925391
142_220322_L001.srt.dp	results/142_220322_L001/142_220322_L001.srt.dp.bam	14373404.0	13542216.0	1413022669.0	1407119252.0	70509.3592	114.0	42.9676	0.0275	4.6193	94.2171805648822
145_220322_L001.srt.dp	results/145_220322_L001/145_220322_L001.srt.dp.bam	29843699.0	28908993.0	2116716479.0	2109969113.0	54578.6739	69.0	41.6385	0.0246	6.9197	96.86799548541218
146_220322_L001.srt.dp	results/146_220322_L001/146_220322_L001.srt.dp.bam	25687110.0	24830780.0	1790408120.0	1784558967.0	59889.0883	67.0	40.8262	0.0251	5.853	96.66630461737424
147_220322_L001.srt.dp	results/147_220322_L001/147_220322_L001.srt.dp.bam	24667723.0	24056812.0	2040309548.0	2033282902.0	74973.6158	80.0	41.5033	0.0257	6.6699	97.52343984079926
149_220322_L001.srt.dp	results/149_220322_L001/149_220322_L001.srt.dp.bam	24550385.0	22521087.0	1886654920.0	1879701791.0	59484.6451	81.0	41.7582	0.0257	6.1676	91.73414999398176
14_220322_L001.srt.dp	results/14_220322_L001/14_220322_L001.srt.dp.bam	28070634.0	4188983.0	139440054.0	139232759.0	6118.3919	20.0	35.1791	0.017	0.4558	14.923008151508085
151_220322_L001.srt.dp	results/151_220322_L001/151_220322_L001.srt.dp.bam	25215277.0	24517327.0	1996029891.0	1989093694.0	50925.4629	77.0	41.488	0.0257	6.5252	97.23203516661745
153_220322_L001.srt.dp	results/153_220322_L001/153_220322_L001.srt.dp.bam	29923855.0	28998239.0	2157342250.0	2150350277.0	48009.7084	69.0	40.8974	0.0247	7.0525	96.90676218020707
156_220322_L001.srt.dp	results/156_220322_L001/156_220322_L001.srt.dp.bam	22208306.0	21385384.0	1669126749.0	1663133499.0	53333.3556	74.0	41.4475	0.0253	5.4565	96.29453052384996
157_220322_L001.srt.dp	results/157_220322_L001/157_220322_L001.srt.dp.bam	25179123.0	23940605.0	1888473021.0	1882050652.0	78755.6166	76.0	41.0344	0.025	6.1736	95.08117101616288
158_220322_L001.srt.dp	results/158_220322_L001/158_220322_L001.srt.dp.bam	22633942.0	21913003.0	1782834375.0	1776301509.0	73895.8974	78.0	41.2329	0.0258	5.8282	96.81478816195606
159_220322_L001.srt.dp	results/159_220322_L001/159_220322_L001.srt.dp.bam	26751895.0	24411171.0	1956161549.0	1949277832.0	39323.3996	75.0	41.519	0.025	6.3948	91.25024974866265
15_220322_L001.srt.dp	results/15_220322_L001/15_220322_L001.srt.dp.bam	25663755.0	3520148.0	104031917.0	103902506.0	3829.8192	20.0	33.8984	0.0158	0.3401	13.716418349536145
161_220322_L001.srt.dp	results/161_220322_L001/161_220322_L001.srt.dp.bam	26507675.0	25517694.0	1927086679.0	1920314596.0	53369.0947	70.0	41.2117	0.0252	6.2998	96.26530429394505
162_220322_L001.srt.dp	results/162_220322_L001/162_220322_L001.srt.dp.bam	35256295.0	33509369.0	2232619966.0	2225954957.0	41923.9006	61.0	40.1498	0.0235	7.2986	95.04506642005349
167_220322_L001.srt.dp	results/167_220322_L001/167_220322_L001.srt.dp.bam	28602957.0	24371194.0	1842045421.0	1836068412.0	37663.8698	69.0	41.2657	0.0236	6.0218	85.20515553689081
169_220322_L001.srt.dp	results/169_220322_L001/169_220322_L001.srt.dp.bam	26397883.0	19175935.0	1427271801.0	1422405617.0	31600.9316	67.0	41.6311	0.0245	4.6659	72.6419425375891
16_220322_L001.srt.dp	results/16_220322_L001/16_220322_L001.srt.dp.bam	25888673.0	24928585.0	1860411004.0	1854420753.0	33086.9302	68.0	41.0679	0.0232	6.0818	96.29147465379937
171_220322_L001.srt.dp	results/171_220322_L001/171_220322_L001.srt.dp.bam	26762966.0	25677518.0	2124846407.0	2117329415.0	43443.838	77.0	41.8768	0.0253	6.9463	95.94421634732115
176_220322_L001.srt.dp	results/176_220322_L001/176_220322_L001.srt.dp.bam	28664339.0	23411547.0	1714649954.0	1709277723.0	38795.3145	65.0	41.0729	0.0241	5.6053	81.67481901466488
177_220322_L001.srt.dp	results/177_220322_L001/177_220322_L001.srt.dp.bam	20134319.0	18874543.0	1351772824.0	1347332967.0	37925.2246	63.0	41.0623	0.0241	4.419	93.74314075385415
178_220322_L001.srt.dp	results/178_220322_L001/178_220322_L001.srt.dp.bam	20806175.0	10988305.0	725845903.0	723677348.0	29601.1638	59.0	40.6042	0.0229	2.3728	52.81271064960282
17_220322_L001.srt.dp	results/17_220322_L001/17_220322_L001.srt.dp.bam	22751450.0	17756892.0	1242111747.0	1236811788.0	36724.5419	63.0	39.834	0.0318	4.0606	78.04729808429792
180_220322_L001.srt.dp	results/180_220322_L001/180_220322_L001.srt.dp.bam	34383187.0	33043617.0	2150066256.0	2144024554.0	32007.753	60.0	40.3415	0.0226	7.0287	96.1039969913202
182_220322_L001.srt.dp	results/182_220322_L001/182_220322_L001.srt.dp.bam	44524451.0	42758447.0	2966460263.0	2958475728.0	24363.2771	62.0	40.5992	0.0224	9.6976	96.03363104915094
183_220322_L001.srt.dp	results/183_220322_L001/183_220322_L001.srt.dp.bam	25020728.0	23881383.0	1637388484.0	1632302331.0	30249.2446	61.0	40.6228	0.0239	5.3527	95.44639548457583
184_220322_L001.srt.dp	results/184_220322_L001/184_220322_L001.srt.dp.bam	25303051.0	24306427.0	1815232785.0	1809323764.0	41422.26	66.0	40.9647	0.0248	5.9341	96.06124968882212
185_220322_L001.srt.dp	results/185_220322_L001/185_220322_L001.srt.dp.bam	24281190.0	23198498.0	1673894835.0	1668644077.0	53186.4864	63.0	40.5356	0.0249	5.4721	95.54102578992216
186_220322_L001.srt.dp	results/186_220322_L001/186_220322_L001.srt.dp.bam	24180415.0	23271684.0	1602040843.0	1597048758.0	41985.8163	63.0	40.2616	0.0239	5.2372	96.24187177928914
187_220322_L001.srt.dp	results/187_220322_L001/187_220322_L001.srt.dp.bam	26290547.0	24470642.0	1676939478.0	1671958872.0	37051.5216	61.0	40.0425	0.0243	5.482	93.07772105312225
188_220322_L001.srt.dp	results/188_220322_L001/188_220322_L001.srt.dp.bam	17241410.0	16465596.0	1112108881.0	1108924792.0	54938.0888	60.0	39.8849	0.0234	3.6356	95.50028680948948
189_220322_L001.srt.dp	results/189_220322_L001/189_220322_L001.srt.dp.bam	17273216.0	16622447.0	1323505434.0	1319398807.0	76429.5364	73.0	40.9887	0.0252	4.3266	96.23249660051724
18_220322_L001.srt.dp	results/18_220322_L001/18_220322_L001.srt.dp.bam	3832379.0	3679387.0	268131649.0	267296042.0	38181.2125	66.0	40.9926	0.023	0.8765	96.00791049110748
190_220322_L001.srt.dp	results/190_220322_L001/190_220322_L001.srt.dp.bam	24741070.0	23527619.0	1608568654.0	1603910225.0	34135.2892	63.0	40.4866	0.0232	5.2585	95.09539805675341
191_220322_L001.srt.dp	results/191_220322_L001/191_220322_L001.srt.dp.bam	15551862.0	14877762.0	1161837338.0	1158089833.0	46322.6742	70.0	41.1556	0.025	3.7981	95.66547079700167
193_220322_L001.srt.dp	results/193_220322_L001/193_220322_L001.srt.dp.bam	21387429.0	15634175.0	989394233.0	986419407.0	48078.3236	56.0	39.3688	0.0239	3.2344	73.09983355175603
194_220322_L001.srt.dp	results/194_220322_L001/194_220322_L001.srt.dp.bam	22431393.0	21677833.0	1641973086.0	1637098844.0	55053.6478	69.0	40.7547	0.0231	5.3677	96.64060096490664
195_220322_L001.srt.dp	results/195_220322_L001/195_220322_L001.srt.dp.bam	31322089.0	26479911.0	1538148283.0	1533967407.0	25166.9765	52.0	38.4431	0.0222	5.0283	84.54069267219054
196_220322_L001.srt.dp	results/196_220322_L001/196_220322_L001.srt.dp.bam	26516817.0	25024803.0	1644616119.0	1639837858.0	45216.2439	60.0	40.1935	0.0232	5.3764	94.37332919709029
197_220322_L001.srt.dp	results/197_220322_L001/197_220322_L001.srt.dp.bam	19575884.0	17881743.0	1218498409.0	1214598750.0	33272.2716	62.0	40.7323	0.0243	3.9834	91.34577524059705
198_220322_L001.srt.dp	results/198_220322_L001/198_220322_L001.srt.dp.bam	26346865.0	24266171.0	1589143886.0	1584573747.0	34665.5572	60.0	40.4373	0.0227	5.195	92.10268849823309
199_220322_L001.srt.dp	results/199_220322_L001/199_220322_L001.srt.dp.bam	22246399.0	21215185.0	1437517053.0	1432925179.0	31805.8158	62.0	40.3465	0.0239	4.6994	95.36458012822659
19_220322_L001.srt.dp	results/19_220322_L001/19_220322_L001.srt.dp.bam	32926755.0	31684921.0	2293721136.0	2286916044.0	35784.8182	66.0	40.7886	0.0223	7.4983	96.22849564131054
1_220322_L001.srt.dp	results/1_220322_L001/1_220322_L001.srt.dp.bam	24746526.0	23670430.0	1563924711.0	1559124696.0	38274.8255	59.0	40.4807	0.0237	5.1126	95.65152700625535
200_220322_L001.srt.dp	results/200_220322_L001/200_220322_L001.srt.dp.bam	24163029.0	22593378.0	1353540270.0	1349897679.0	28312.9117	55.0	39.6528	0.0229	4.4248	93.50391459613776
202_220322_L001.srt.dp	results/202_220322_L001/202_220322_L001.srt.dp.bam	25205515.0	20401217.0	1291631480.0	1287818241.0	33246.1796	58.0	39.6559	0.0229	4.2224	80.93949677282927
203_220322_L001.srt.dp	results/203_220322_L001/203_220322_L001.srt.dp.bam	26160201.0	25001670.0	1592439191.0	1587812127.0	33249.7471	58.0	39.9937	0.0228	5.2058	95.57139870599617
204_220322_L001.srt.dp	results/204_220322_L001/204_220322_L001.srt.dp.bam	25298908.0	24096034.0	1609215040.0	1604418431.0	38294.1658	61.0	40.4394	0.0232	5.2606	95.24535209187685
205_220322_L001.srt.dp	results/205_220322_L001/205_220322_L001.srt.dp.bam	27524365.0	25945127.0	1754872923.0	1749487006.0	33359.052	63.0	40.5905	0.0236	5.7368	94.26239987734503
207_220322_L001.srt.dp	results/207_220322_L001/207_220322_L001.srt.dp.bam	15390054.0	13153464.0	970915984.0	967494129.0	31202.0201	68.0	41.2979	0.0249	3.174	85.46730245390953
213_220322_L001.srt.dp	results/213_220322_L001/213_220322_L001.srt.dp.bam	16447311.0	15701210.0	1097277267.0	1093573491.0	33000.7638	63.0	40.8517	0.0246	3.5871	95.46369008283482
214_220322_L001.srt.dp	results/214_220322_L001/214_220322_L001.srt.dp.bam	22753470.0	21901454.0	1544228798.0	1539684426.0	39742.8379	65.0	40.5648	0.0227	5.0482	96.2554458726515
215_220322_L001.srt.dp	results/215_220322_L001/215_220322_L001.srt.dp.bam	26957832.0	25708722.0	1758504438.0	1753061781.0	33593.9063	62.0	40.7037	0.0235	5.7487	95.36643006010276
216_220322_L001.srt.dp	results/216_220322_L001/216_220322_L001.srt.dp.bam	23876769.0	22854153.0	1573222385.0	1568403356.0	27249.0047	62.0	40.9015	0.0234	5.143	95.7171089605968
217_220322_L001.srt.dp	results/217_220322_L001/217_220322_L001.srt.dp.bam	27439000.0	25819261.0	1742292548.0	1736911121.0	24176.3313	60.0	40.7153	0.0232	5.6957	94.09694595284085
218_220322_L001.srt.dp	results/218_220322_L001/218_220322_L001.srt.dp.bam	25015109.0	21682238.0	1295274761.0	1291562086.0	23272.6209	52.0	39.1544	0.0222	4.2344	86.67656814927331
219_220322_L001.srt.dp	results/219_220322_L001/219_220322_L001.srt.dp.bam	21355504.0	20798030.0	1730669922.0	1724421920.0	34769.9193	76.0	41.7986	0.0254	5.6577	97.3895535314924
21_220322_L001.srt.dp	results/21_220322_L001/21_220322_L001.srt.dp.bam	27449112.0	25781238.0	1712673539.0	1707607671.0	31452.0399	60.0	40.2001	0.0218	5.5989	93.9237597194401
220_220322_L001.srt.dp	results/220_220322_L001/220_220322_L001.srt.dp.bam	24962179.0	23790928.0	1607723095.0	1603067582.0	33199.1313	62.0	40.4455	0.0221	5.2558	95.30789759980489
221_220322_L001.srt.dp	results/221_220322_L001/221_220322_L001.srt.dp.bam	18142736.0	17377483.0	1347139973.0	1342559910.0	32015.8969	71.0	41.4378	0.024	4.4039	95.78204191473657
222_220322_L001.srt.dp	results/222_220322_L001/222_220322_L001.srt.dp.bam	22336500.0	21312154.0	1397724975.0	1393670189.0	30208.3928	59.0	40.1893	0.0221	4.5693	95.41402636939539
223_220322_L001.srt.dp	results/223_220322_L001/223_220322_L001.srt.dp.bam	19975847.0	19199848.0	1393779380.0	1389375652.0	36384.6055	66.0	40.7328	0.0232	4.5564	96.11531365853973
224_220322_L001.srt.dp	results/224_220322_L001/224_220322_L001.srt.dp.bam	22445244.0	21520789.0	1440333412.0	1436141766.0	25997.4268	60.0	40.5187	0.0223	4.7086	95.88128781313316
225_220322_L001.srt.dp	results/225_220322_L001/225_220322_L001.srt.dp.bam	20931081.0	20037097.0	1338957272.0	1334608529.0	27686.8886	59.0	40.6144	0.0242	4.3772	95.72891624660953
226_220322_L001.srt.dp	results/226_220322_L001/226_220322_L001.srt.dp.bam	28440764.0	27216922.0	1882762812.0	1876766002.0	29822.2761	62.0	40.6581	0.0233	6.1549	95.69687368454659
227_220322_L001.srt.dp	results/227_220322_L001/227_220322_L001.srt.dp.bam	24246941.0	23179208.0	1633094973.0	1627494963.0	28849.463	63.0	40.9909	0.0241	5.3387	95.59642183317064
22_220322_L001.srt.dp	results/22_220322_L001/22_220322_L001.srt.dp.bam	62592793.0	54806717.0	3572911801.0	3563361159.0	30072.1985	59.0	39.837	0.021	11.6801	87.56074680994026
235_220322_L001.srt.dp	results/235_220322_L001/235_220322_L001.srt.dp.bam	18280544.0	17226525.0	1403786572.0	1398781063.0	40452.8617	74.0	41.7641	0.0246	4.5891	94.23420331473724
23_220322_L001.srt.dp	results/23_220322_L001/23_220322_L001.srt.dp.bam	24598551.0	23686653.0	1770457385.0	1764627347.0	38585.082	68.0	40.8622	0.0236	5.7878	96.29287920251888
245_220322_L001.srt.dp	results/245_220322_L001/245_220322_L001.srt.dp.bam	19348910.0	4479225.0	94425927.0	94402465.0	789.3604	19.0	26.8621	0.0066	0.3087	23.14975365537387
246_220322_L001.srt.dp	results/246_220322_L001/246_220322_L001.srt.dp.bam	12449367.0	2084661.0	42863685.0	42859089.0	393.2913	19.0	26.678	0.0066	0.1401	16.745116438450243
248_220322_L001.srt.dp	results/248_220322_L001/248_220322_L001.srt.dp.bam	21188422.0	20359221.0	1482136008.0	1477218174.0	33761.6352	64.0	41.2691	0.0238	4.8452	96.08653726077382
24_220322_L001.srt.dp	results/24_220322_L001/24_220322_L001.srt.dp.bam	35127139.0	22709278.0	1604621932.0	1599729189.0	37874.806	62.0	40.1758	0.0228	5.2456	64.64881184886706
251_220322_L001.srt.dp	results/251_220322_L001/251_220322_L001.srt.dp.bam	17159779.0	16480604.0	1260218126.0	1255793725.0	41464.6272	69.0	41.296	0.0247	4.1197	96.04205275604075
256_220322_L001.srt.dp	results/256_220322_L001/256_220322_L001.srt.dp.bam	13647011.0	13232124.0	1246681378.0	1241532673.0	63900.7501	95.0	42.2443	0.0273	4.0755	96.95986908781711
257_220322_L001.srt.dp	results/257_220322_L001/257_220322_L001.srt.dp.bam	21744008.0	20843190.0	1436797198.0	1432067895.0	26184.8794	60.0	40.8624	0.0236	4.697	95.85716671921755
25_220322_L001.srt.dp	results/25_220322_L001/25_220322_L001.srt.dp.bam	24680962.0	23323176.0	1668643400.0	1663218368.0	38941.9323	66.0	40.9015	0.0234	5.4549	94.49865041727304
260_220322_L001.srt.dp	results/260_220322_L001/260_220322_L001.srt.dp.bam	32947478.0	25312412.0	1715310671.0	1709769403.0	26856.2587	59.0	41.1133	0.0231	5.6075	76.8265540688729
261_220322_L001.srt.dp	results/261_220322_L001/261_220322_L001.srt.dp.bam	14207440.0	7354935.0	502632843.0	501081505.0	32266.8369	57.0	40.6987	0.0242	1.6431	51.76819328464523
262_220322_L001.srt.dp	results/262_220322_L001/262_220322_L001.srt.dp.bam	20973004.0	11104905.0	677278786.0	675468938.0	26032.5191	53.0	39.6811	0.0217	2.2141	52.94856664309986
26_220322_L001.srt.dp	results/26_220322_L001/26_220322_L001.srt.dp.bam	32883139.0	31630167.0	2227529918.0	2221072143.0	39685.7945	65.0	40.6251	0.0224	7.282	96.1896216781494
273_220322_L001.srt.dp	results/273_220322_L001/273_220322_L001.srt.dp.bam	20486016.0	19567778.0	1411406705.0	1406863412.0	36331.6713	64.0	40.9047	0.024	4.614	95.51773268164978
274_220322_L001.srt.dp	results/274_220322_L001/274_220322_L001.srt.dp.bam	15823388.0	15151755.0	1085321970.0	1081750224.0	45096.7485	64.0	40.8769	0.0238	3.548	95.75544124937086
27_220322_L001.srt.dp	results/27_220322_L001/27_220322_L001.srt.dp.bam	23148407.0	21473093.0	1548691048.0	1543674364.0	24773.4087	65.0	41.0819	0.0226	5.0628	92.76272445011011
291_220322_L001.srt.dp	results/291_220322_L001/291_220322_L001.srt.dp.bam	13607586.0	13206707.0	1144653795.0	1140429349.0	44535.8943	81.0	41.9557	0.025	3.742	97.05400355360605
294_220322_L001.srt.dp	results/294_220322_L001/294_220322_L001.srt.dp.bam	14451664.0	13555604.0	1111689204.0	1106170889.0	51501.1665	75.0	41.2574	0.0334	3.6342	93.79960674424758
295_220322_L001.srt.dp	results/295_220322_L001/295_220322_L001.srt.dp.bam	20499096.0	19660995.0	1560375807.0	1554672471.0	39820.5979	72.0	41.6192	0.0251	5.101	95.91152214712298
299_220322_L001.srt.dp	results/299_220322_L001/299_220322_L001.srt.dp.bam	20891938.0	18726255.0	1146945984.0	1143810346.0	30058.2605	56.0	39.7974	0.0222	3.7495	89.63388173945376
29_220322_L001.srt.dp	results/29_220322_L001/29_220322_L001.srt.dp.bam	30576279.0	29332062.0	1928156602.0	1923026771.0	27525.3629	60.0	40.0223	0.021	6.3033	95.9307769267804
2_220322_L001.srt.dp	results/2_220322_L001/2_220322_L001.srt.dp.bam	23472735.0	22452999.0	1481816820.0	1477461075.0	39907.0177	59.0	40.3004	0.023	4.8442	95.65565751072468
301_220322_L001.srt.dp	results/301_220322_L001/301_220322_L001.srt.dp.bam	18399444.0	17479135.0	1174143068.0	1170482984.0	35365.978	61.0	40.5149	0.0242	3.8384	94.99816950990476
304_220322_L001.srt.dp	results/304_220322_L001/304_220322_L001.srt.dp.bam	19650399.0	18708809.0	1219655927.0	1216098128.0	42436.1826	59.0	39.9748	0.0229	3.9871	95.20829068152764
305_220322_L001.srt.dp	results/305_220322_L001/305_220322_L001.srt.dp.bam	19540849.0	18804493.0	1289477008.0	1285644741.0	60657.7825	63.0	40.7808	0.0219	4.2154	96.23170927731952
306_220322_L001.srt.dp	results/306_220322_L001/306_220322_L001.srt.dp.bam	21438333.0	20394145.0	1423287649.0	1418762947.0	62070.4225	64.0	40.574	0.0241	4.6528	95.12934144646414
308_220322_L001.srt.dp	results/308_220322_L001/308_220322_L001.srt.dp.bam	26629439.0	25248682.0	1608348200.0	1604180839.0	28945.8337	58.0	40.2779	0.0213	5.2578	94.81492268763154
309_220322_L001.srt.dp	results/309_220322_L001/309_220322_L001.srt.dp.bam	21289860.0	20302666.0	1371629247.0	1367369503.0	46039.394	62.0	40.3522	0.0241	4.484	95.3630789493214
30_220322_L001.srt.dp	results/30_220322_L001/30_220322_L001.srt.dp.bam	30025289.0	27929107.0	1821752532.0	1816902165.0	30004.2953	59.0	39.9867	0.0211	5.9554	93.01861174425332
310_220322_L001.srt.dp	results/310_220322_L001/310_220322_L001.srt.dp.bam	26297518.0	24715863.0	1603902435.0	1599192958.0	37994.0897	59.0	40.0869	0.0232	5.2433	93.98553506076125
311_220322_L001.srt.dp	results/311_220322_L001/311_220322_L001.srt.dp.bam	17311182.0	12545964.0	772880596.0	770730668.0	21302.8426	56.0	39.8925	0.0219	2.5266	72.47317947439984
313_220322_L001.srt.dp	results/313_220322_L001/313_220322_L001.srt.dp.bam	20914868.0	19954888.0	1332187046.0	1328430551.0	52538.305	61.0	40.1276	0.0223	4.355	95.41005948495587
314_220322_L001.srt.dp	results/314_220322_L001/314_220322_L001.srt.dp.bam	24345343.0	16722035.0	1003660799.0	1000825355.0	39466.7204	54.0	38.9962	0.0227	3.281	68.6867915559867
315_220322_L001.srt.dp	results/315_220322_L001/315_220322_L001.srt.dp.bam	18180628.0	5864634.0	301524722.0	300713018.0	17648.5616	44.0	39.1899	0.0212	0.9857	32.257598582403205
316_220322_L001.srt.dp	results/316_220322_L001/316_220322_L001.srt.dp.bam	18130862.0	16511506.0	1172147196.0	1168650657.0	49526.9425	66.0	40.1748	0.0233	3.8318	91.06851069739541
317_220322_L001.srt.dp	results/317_220322_L001/317_220322_L001.srt.dp.bam	23157779.0	22326527.0	1683548487.0	1677914724.0	65140.455	72.0	40.9513	0.0245	5.5036	96.41048478785466
319_220322_L001.srt.dp	results/319_220322_L001/319_220322_L001.srt.dp.bam	19827050.0	19203835.0	1666801995.0	1660697573.0	72509.0491	84.0	41.7736	0.0258	5.4489	96.85674369106852
31_220322_L001.srt.dp	results/31_220322_L001/31_220322_L001.srt.dp.bam	31764783.0	30828091.0	2536474135.0	2527373278.0	40323.5029	75.0	41.6661	0.0243	8.2919	97.05116197393825
320_220322_L001.srt.dp	results/320_220322_L001/320_220322_L001.srt.dp.bam	19348549.0	18644144.0	1500206149.0	1494648960.0	59884.5057	75.0	41.5088	0.0255	4.9043	96.35939108405493
322_220322_L001.srt.dp	results/322_220322_L001/322_220322_L001.srt.dp.bam	20817293.0	13365092.0	1061112929.0	1057546048.0	68592.9535	74.0	41.1046	0.0245	3.4689	64.20187293323872
323_220322_L001.srt.dp	results/323_220322_L001/323_220322_L001.srt.dp.bam	17984765.0	13773415.0	1048455826.0	1045069820.0	54039.0557	70.0	40.7058	0.024	3.4275	76.58379189274922
329_220322_L001.srt.dp	results/329_220322_L001/329_220322_L001.srt.dp.bam	22376040.0	21216247.0	1463819429.0	1459185536.0	33576.4243	63.0	40.7043	0.0245	4.7853	94.8168085148221
330_220322_L001.srt.dp	results/330_220322_L001/330_220322_L001.srt.dp.bam	20486459.0	19146965.0	1254289462.0	1250398337.0	25641.7979	59.0	40.2869	0.0237	4.1004	93.46156405067366
331_220322_L001.srt.dp	results/331_220322_L001/331_220322_L001.srt.dp.bam	24755616.0	23075952.0	1571591044.0	1566630029.0	34966.5111	61.0	40.278	0.0244	5.1377	93.21501836189412
332_220322_L001.srt.dp	results/332_220322_L001/332_220322_L001.srt.dp.bam	25249171.0	23813054.0	1569549331.0	1564715168.0	34691.0507	60.0	40.1627	0.0237	5.131	94.31222118143998
333_220322_L001.srt.dp	results/333_220322_L001/333_220322_L001.srt.dp.bam	16050608.0	15110259.0	1129728501.0	1126130943.0	46075.5417	68.0	40.8224	0.0257	3.6932	94.14134966102219
334_220322_L001.srt.dp	results/334_220322_L001/334_220322_L001.srt.dp.bam	20623354.0	19075573.0	1298130507.0	1294062252.0	28149.2041	62.0	40.6477	0.0244	4.2437	92.49500832890712
335_220322_L001.srt.dp	results/335_220322_L001/335_220322_L001.srt.dp.bam	16516169.0	15775294.0	1123069658.0	1119398823.0	31232.6907	65.0	40.9329	0.0257	3.6714	95.51424425361596
336_220322_L001.srt.dp	results/336_220322_L001/336_220322_L001.srt.dp.bam	20054975.0	18920993.0	1209039807.0	1205729169.0	23787.6283	57.0	40.3121	0.0215	3.9524	94.34563244282279
338_220322_L001.srt.dp	results/338_220322_L001/338_220322_L001.srt.dp.bam	18911433.0	18127566.0	1250125905.0	1246311227.0	54649.9342	63.0	40.4562	0.0236	4.0868	95.85506291352961
339_220322_L001.srt.dp	results/339_220322_L001/339_220322_L001.srt.dp.bam	18220559.0	15324222.0	1075959384.0	1072291114.0	46509.7773	64.0	40.9263	0.0243	3.5174	84.10401678675171
33_220322_L001.srt.dp	results/33_220322_L001/33_220322_L001.srt.dp.bam	27048305.0	26200334.0	2068887614.0	2061906723.0	32625.7873	72.0	41.4931	0.0241	6.7634	96.8649754577967
342_220322_L001.srt.dp	results/342_220322_L001/342_220322_L001.srt.dp.bam	16565900.0	14196985.0	1037531740.0	1033811670.0	53568.1492	67.0	41.0251	0.0249	3.3918	85.70005251752093
343_220322_L001.srt.dp	results/343_220322_L001/343_220322_L001.srt.dp.bam	21326802.0	16800146.0	1145967892.0	1142145005.0	43716.0943	63.0	40.5143	0.0235	3.7463	78.77480177290529
346_220322_L001.srt.dp	results/346_220322_L001/346_220322_L001.srt.dp.bam	21012176.0	18117132.0	1286485582.0	1282461941.0	53512.4703	63.0	41.2006	0.0234	4.2056	86.22206476854181
34_220322_L001.srt.dp	results/34_220322_L001/34_220322_L001.srt.dp.bam	15351927.0	14925567.0	1217272422.0	1212803405.0	40311.6474	76.0	41.5799	0.0247	3.9794	97.22275907122278
352_220322_L001.srt.dp	results/352_220322_L001/352_220322_L001.srt.dp.bam	14650338.0	14220159.0	1285198389.0	1279965026.0	50490.6865	88.0	42.3903	0.0263	4.2014	97.06369231890758
353_220322_L001.srt.dp	results/353_220322_L001/353_220322_L001.srt.dp.bam	20540378.0	20010981.0	1851631876.0	1844267535.0	52890.5242	92.0	42.1804	0.0259	6.0531	97.42265210503915
354_220322_L001.srt.dp	results/354_220322_L001/354_220322_L001.srt.dp.bam	23434043.0	22788526.0	2064771678.0	2057153199.0	50097.6928	87.0	43.3329	0.0252	6.7499	97.24538783171133
355_220322_L001.srt.dp	results/355_220322_L001/355_220322_L001.srt.dp.bam	19029889.0	18549273.0	1682821126.0	1676289906.0	50462.9675	87.0	42.2227	0.0257	5.5013	97.47441511613651
356_220322_L001.srt.dp	results/356_220322_L001/356_220322_L001.srt.dp.bam	18448699.0	17982993.0	1635761982.0	1629415034.0	52204.6617	88.0	42.1638	0.0256	5.3474	97.47567023560848
357_220322_L001.srt.dp	results/357_220322_L001/357_220322_L001.srt.dp.bam	17573516.0	17135809.0	1587471380.0	1581228233.0	51460.9038	91.0	42.2597	0.0259	5.1896	97.5092804422291
358_220322_L001.srt.dp	results/358_220322_L001/358_220322_L001.srt.dp.bam	18660896.0	18210982.0	1708606447.0	1701628345.0	57329.9103	94.0	42.3826	0.0267	5.5856	97.58900108547842
359_220322_L001.srt.dp	results/359_220322_L001/359_220322_L001.srt.dp.bam	14531406.0	14166807.0	1212240813.0	1207879800.0	54136.9193	81.0	41.6637	0.0242	3.9629	97.49095854867726
35_220322_L001.srt.dp	results/35_220322_L001/35_220322_L001.srt.dp.bam	49242250.0	46718125.0	3735633401.0	3718408842.0	45891.4308	70.0	41.0973	0.032	12.2121	94.874066477466
361_220322_L001.srt.dp	results/361_220322_L001/361_220322_L001.srt.dp.bam	33066787.0	32157558.0	2953180995.0	2942052374.0	53508.1902	88.0	42.3465	0.0255	9.6542	97.2503255305694
362_220322_L001.srt.dp	results/362_220322_L001/362_220322_L001.srt.dp.bam	32777483.0	31768317.0	2977672772.0	2966810413.0	57274.1276	92.0	42.0717	0.0249	9.7342	96.92116078589683
363_220322_L001.srt.dp	results/363_220322_L001/363_220322_L001.srt.dp.bam	25053543.0	24421504.0	2328500783.0	2319742754.0	51447.5853	96.0	42.293	0.0254	7.612	97.47724703048985
364_220322_L001.srt.dp	results/364_220322_L001/364_220322_L001.srt.dp.bam	28366175.0	27589301.0	2396696768.0	2388342262.0	48575.1971	80.0	41.8722	0.0245	7.835	97.26126627929214
365_220322_L001.srt.dp	results/365_220322_L001/365_220322_L001.srt.dp.bam	23771771.0	23154545.0	2148541200.0	2140350777.0	51482.759	90.0	42.4179	0.0253	7.0237	97.40353379645126
369_220322_L001.srt.dp	results/369_220322_L001/369_220322_L001.srt.dp.bam	29521660.0	28111267.0	1938103466.0	1932488454.0	31058.0449	63.0	40.551	0.0234	6.3358	95.22251458759433
36_220322_L001.srt.dp	results/36_220322_L001/36_220322_L001.srt.dp.bam	17426768.0	16915020.0	1361522348.0	1356727225.0	33836.4842	74.0	41.6693	0.0237	4.4509	97.0634371215592
370_220322_L001.srt.dp	results/370_220322_L001/370_220322_L001.srt.dp.bam	29498839.0	28046838.0	1957749925.0	1951641564.0	40072.6347	64.0	40.6955	0.0237	6.4	95.0777689928746
373_220322_L001.srt.dp	results/373_220322_L001/373_220322_L001.srt.dp.bam	19732496.0	15916357.0	1107702438.0	1104144343.0	52324.9088	63.0	40.549	0.0232	3.6212	80.66063715406302
37_220322_L001.srt.dp	results/37_220322_L001/37_220322_L001.srt.dp.bam	17816322.0	17130217.0	1213116789.0	1209311453.0	26392.2513	63.0	40.8169	0.0222	3.9658	96.1490087572508
386_220322_L001.srt.dp	results/386_220322_L001/386_220322_L001.srt.dp.bam	31201189.0	30098580.0	2344437609.0	2336990594.0	46363.269	71.0	41.1165	0.0233	7.6641	96.46613146697712
387_220322_L001.srt.dp	results/387_220322_L001/387_220322_L001.srt.dp.bam	27721402.0	26823268.0	2339670521.0	2331177988.0	46486.3385	80.0	42.0329	0.0252	7.6486	96.76014221791525
390_220322_L001.srt.dp	results/390_220322_L001/390_220322_L001.srt.dp.bam	22109762.0	21547576.0	1936266567.0	1928970490.0	49062.1875	86.0	42.1376	0.0251	6.3298	97.45729510792563
391_220322_L001.srt.dp	results/391_220322_L001/391_220322_L001.srt.dp.bam	22446166.0	21850063.0	1887977485.0	1880955726.0	50835.1586	82.0	41.9222	0.0247	6.1719	97.34429924469062
393_220322_L001.srt.dp	results/393_220322_L001/393_220322_L001.srt.dp.bam	23437582.0	22826342.0	2050902014.0	2043210216.0	48019.5618	86.0	42.13	0.0252	6.7046	97.39205179100814
394_220322_L001.srt.dp	results/394_220322_L001/394_220322_L001.srt.dp.bam	30904967.0	30096772.0	2695391022.0	2685359742.0	47457.1938	85.0	42.1881	0.025	8.8114	97.38490256274986
398_220322_L001.srt.dp	results/398_220322_L001/398_220322_L001.srt.dp.bam	25461013.0	24847357.0	2316856720.0	2308195321.0	51259.3946	91.0	42.1966	0.0253	7.574	97.58982095488503
399_220322_L001.srt.dp	results/399_220322_L001/399_220322_L001.srt.dp.bam	29786894.0	29140358.0	2831560464.0	2821200006.0	58141.3463	100.0	42.3884	0.0251	9.2566	97.829461507467
39_220322_L001.srt.dp	results/39_220322_L001/39_220322_L001.srt.dp.bam	23119972.0	22452118.0	1877867560.0	1871304121.0	40072.5781	77.0	41.9593	0.0244	6.1389	97.11135463312844
3_220322_L001.srt.dp	results/3_220322_L001/3_220322_L001.srt.dp.bam	21514345.0	20666379.0	1393586596.0	1389494990.0	37213.2278	61.0	40.4784	0.0229	4.5557	96.05860183054608
403_220322_L001.srt.dp	results/403_220322_L001/403_220322_L001.srt.dp.bam	22358662.0	21981663.0	2324507541.0	2315324344.0	69084.7968	119.0	42.6556	0.0263	7.599	98.31385706353984
404_220322_L001.srt.dp	results/404_220322_L001/404_220322_L001.srt.dp.bam	23769773.0	23319154.0	2384933944.0	2375149230.0	64292.6741	111.0	42.6454	0.0269	7.7965	98.10423515613716
406_220322_L001.srt.dp	results/406_220322_L001/406_220322_L001.srt.dp.bam	26006760.0	25223249.0	2280008934.0	2272952780.0	44809.4476	87.0	41.5066	0.0217	7.4535	96.98727946118625
407_220322_L001.srt.dp	results/407_220322_L001/407_220322_L001.srt.dp.bam	20527151.0	20051068.0	1680541589.0	1675834978.0	37414.3343	77.0	40.9965	0.02	5.4938	97.68071565313666
408_220322_L001.srt.dp	results/408_220322_L001/408_220322_L001.srt.dp.bam	24970323.0	24519880.0	2217756912.0	2211681680.0	44409.6307	87.0	41.4353	0.0198	7.25	98.19608661049358
409_220322_L001.srt.dp	results/409_220322_L001/409_220322_L001.srt.dp.bam	21089916.0	20842657.0	2339484320.0	2331411861.0	68706.8178	129.0	42.3511	0.0234	7.648	98.82759608905033
410_220322_L001.srt.dp	results/410_220322_L001/410_220322_L001.srt.dp.bam	16764871.0	16501140.0	1942317596.0	1936274847.0	69755.7224	147.0	42.3107	0.0229	6.3496	98.42688321311867
411_220322_L001.srt.dp	results/411_220322_L001/411_220322_L001.srt.dp.bam	20098313.0	19861095.0	2160681027.0	2153790410.0	63961.5892	119.0	42.0796	0.0222	7.0634	98.81971188328095
412_220322_L001.srt.dp	results/412_220322_L001/412_220322_L001.srt.dp.bam	20071842.0	19838615.0	2133234700.0	2127158826.0	71294.4305	118.0	41.7819	0.0208	6.9737	98.83803888053723
413_220322_L001.srt.dp	results/413_220322_L001/413_220322_L001.srt.dp.bam	24997618.0	24612345.0	2377027442.0	2370518885.0	63383.7872	98.0	41.212	0.0201	7.7707	98.45876115076244
414_220322_L001.srt.dp	results/414_220322_L001/414_220322_L001.srt.dp.bam	25485743.0	25093710.0	2495390460.0	2487435940.0	64454.9118	103.0	41.5971	0.0221	8.1576	98.46175565687844
415_220322_L001.srt.dp	results/415_220322_L001/415_220322_L001.srt.dp.bam	22022632.0	21814124.0	2627317992.0	2618735773.0	84249.3988	145.0	42.5554	0.0229	8.5889	99.05321035196883
416_220322_L001.srt.dp	results/416_220322_L001/416_220322_L001.srt.dp.bam	20175332.0	19934668.0	2204141416.0	2196868417.0	66607.2058	124.0	42.1018	0.0228	7.2055	98.80713734971003
41_220322_L001.srt.dp	results/41_220322_L001/41_220322_L001.srt.dp.bam	10474055.0	10192688.0	886058158.0	882682783.0	45458.6202	82.0	42.2573	0.0256	2.8966	97.31367650828643
42_220322_L001.srt.dp	results/42_220322_L001/42_220322_L001.srt.dp.bam	17348906.0	16827080.0	1362084241.0	1357285016.0	37570.7249	74.0	41.5879	0.0244	4.4528	96.99216769057368
43_220322_L001.srt.dp	results/43_220322_L001/43_220322_L001.srt.dp.bam	15873726.0	15023911.0	1097532252.0	1094115717.0	26679.5272	66.0	40.9778	0.0225	3.5879	94.6464050091327
44_220322_L001.srt.dp	results/44_220322_L001/44_220322_L001.srt.dp.bam	21259035.0	20361042.0	1499185342.0	1494593840.0	26968.5076	65.0	40.9887	0.022	4.901	95.77594655637003
45_220322_L001.srt.dp	results/45_220322_L001/45_220322_L001.srt.dp.bam	23295812.0	22664786.0	1918083905.0	1911025358.0	40818.5374	79.0	41.9458	0.0247	6.2704	97.29124702757733
48_220322_L001.srt.dp	results/48_220322_L001/48_220322_L001.srt.dp.bam	19183499.0	6794392.0	185386709.0	185058982.0	5195.2626	20.0	26.1347	0.0253	0.606	35.41789743362251
49_220322_L001.srt.dp	results/49_220322_L001/49_220322_L001.srt.dp.bam	1564231.0	559551.0	14877480.0	14852819.0	3491.0558	20.0	25.0021	0.0231	0.0486	35.771634752156174
4_220322_L001.srt.dp	results/4_220322_L001/4_220322_L001.srt.dp.bam	23997735.0	23010365.0	1477208501.0	1473170730.0	34232.5731	58.0	40.0027	0.0217	4.8291	95.8855700340053
51_220322_L001.srt.dp	results/51_220322_L001/51_220322_L001.srt.dp.bam	1287188.0	456462.0	12667164.0	12648212.0	7312.9236	20.0	26.1956	0.0253	0.0414	35.46195272174694
52_220322_L001.srt.dp	results/52_220322_L001/52_220322_L001.srt.dp.bam	16097287.0	14942866.0	1010528070.0	1007415411.0	38618.7909	63.0	40.3758	0.0239	3.3035	92.82847476099543
53_220322_L001.srt.dp	results/53_220322_L001/53_220322_L001.srt.dp.bam	26737405.0	25702160.0	1770919066.0	1765607119.0	48817.2399	64.0	40.566	0.0235	5.7893	96.1281021849353
54_220322_L001.srt.dp	results/54_220322_L001/54_220322_L001.srt.dp.bam	2046619.0	1870612.0	119030160.0	118705997.0	37059.4265	60.0	39.884	0.0225	0.3891	91.40010915563668
55_220322_L001.srt.dp	results/55_220322_L001/55_220322_L001.srt.dp.bam	1380843.0	1337743.0	100434867.0	100116873.0	56486.1481	70.0	40.9378	0.0243	0.3283	96.87871829020388
56_220322_L001.srt.dp	results/56_220322_L001/56_220322_L001.srt.dp.bam	1761991.0	1600356.0	102683413.0	102375019.0	46271.8469	59.0	40.0768	0.0236	0.3357	90.82657062380001
57_220322_L001.srt.dp	results/57_220322_L001/57_220322_L001.srt.dp.bam	19594082.0	18329134.0	1192109023.0	1188626160.0	29298.5411	59.0	39.9207	0.0228	3.8971	93.54423442751745
58_220322_L001.srt.dp	results/58_220322_L001/58_220322_L001.srt.dp.bam	23662641.0	21165002.0	1403504352.0	1399707075.0	32552.3345	61.0	40.1304	0.0217	4.5882	89.44480035005391
59_220322_L001.srt.dp	results/59_220322_L001/59_220322_L001.srt.dp.bam	62354579.0	59966149.0	4193616118.0	4181521192.0	39319.9122	63.0	40.5191	0.0229	13.7092	96.16959966965698
5_220322_L001.srt.dp	results/5_220322_L001/5_220322_L001.srt.dp.bam	49250272.0	47576289.0	3284341032.0	3275024576.0	50436.828	61.0	40.3253	0.0224	10.7368	96.6010685179566
60_220322_L001.srt.dp	results/60_220322_L001/60_220322_L001.srt.dp.bam	20055653.0	18328969.0	1245337835.0	1241834562.0	33045.2966	63.0	40.2934	0.0233	4.0711	91.3905371218778
61_220322_L001.srt.dp	results/61_220322_L001/61_220322_L001.srt.dp.bam	3020918.0	2780774.0	188145912.0	187579042.0	50470.0605	63.0	40.3717	0.0235	0.6151	92.05062831894146
63_220322_L001.srt.dp	results/63_220322_L001/63_220322_L001.srt.dp.bam	47863098.0	46360375.0	3496392068.0	3485403116.0	53790.7009	70.0	40.957	0.0236	11.43	96.86037247317338
64_220322_L001.srt.dp	results/64_220322_L001/64_220322_L001.srt.dp.bam	32443432.0	31339642.0	2305047376.0	2297873036.0	51520.1638	68.0	40.7659	0.0234	7.5354	96.59780136700704
65_220322_L001.srt.dp	results/65_220322_L001/65_220322_L001.srt.dp.bam	2051916.0	1926944.0	154250662.0	153770539.0	43516.0885	73.0	41.465	0.024	0.5043	93.90949726986875
66_220322_L001.srt.dp	results/66_220322_L001/66_220322_L001.srt.dp.bam	2765470.0	2668318.0	197004711.0	196409730.0	50240.1288	67.0	40.7889	0.0232	0.644	96.48696243314879
67_220322_L001.srt.dp	results/67_220322_L001/67_220322_L001.srt.dp.bam	20107835.0	19489234.0	1477434555.0	1472547786.0	41091.9929	70.0	41.2118	0.0243	4.8298	96.92358227526732
68_220322_L001.srt.dp	results/68_220322_L001/68_220322_L001.srt.dp.bam	25033578.0	22963288.0	1710059301.0	1704965947.0	50734.2379	68.0	40.7242	0.0233	5.5903	91.72994767268186
6_220322_L001.srt.dp	results/6_220322_L001/6_220322_L001.srt.dp.bam	54153721.0	52287499.0	3521256481.0	3511802191.0	34668.8988	60.0	40.306	0.0218	11.5113	96.55384345611265
71_220322_L001.srt.dp	results/71_220322_L001/71_220322_L001.srt.dp.bam	19308535.0	18589648.0	1319899521.0	1315675387.0	55527.0064	66.0	40.6367	0.0239	4.3149	96.27684337522241
72_220322_L001.srt.dp	results/72_220322_L001/72_220322_L001.srt.dp.bam	15677690.0	14917359.0	989141090.0	986242597.0	33384.1936	61.0	40.3404	0.0232	3.2336	95.15023578090906
73_220322_L001.srt.dp	results/73_220322_L001/73_220322_L001.srt.dp.bam	27688770.0	26715986.0	1958477728.0	1951913108.0	41236.3571	67.0	41.2075	0.0247	6.4024	96.48672006737749
74_220322_L001.srt.dp	results/74_220322_L001/74_220322_L001.srt.dp.bam	11984681.0	11616938.0	867402781.0	864656187.0	62908.2259	69.0	40.8539	0.0235	2.8356	96.93155787792766
75_220322_L001.srt.dp	results/75_220322_L001/75_220322_L001.srt.dp.bam	24741135.0	23787492.0	1724542479.0	1719377975.0	81286.7829	65.0	40.5523	0.0237	5.6377	96.14551636373999
78_220322_L001.srt.dp	results/78_220322_L001/78_220322_L001.srt.dp.bam	22478116.0	21686679.0	1825103026.0	1818743456.0	45499.3816	76.0	41.9213	0.0246	5.9664	96.4790776949456
7_220322_L001.srt.dp	results/7_220322_L001/7_220322_L001.srt.dp.bam	50356957.0	48560143.0	3638373486.0	3626438786.0	37942.1741	66.0	41.0564	0.024	11.8941	96.43184555413067
80_220322_L001.srt.dp	results/80_220322_L001/80_220322_L001.srt.dp.bam	18438229.0	17780680.0	1319872751.0	1315669361.0	42372.6895	66.0	41.218	0.0237	4.3148	96.43377354734015
81_220322_L001.srt.dp	results/81_220322_L001/81_220322_L001.srt.dp.bam	17711578.0	17196666.0	1474109542.0	1468804435.0	57460.1232	80.0	42.0161	0.0258	4.819	97.09279432922352
83_220322_L001.srt.dp	results/83_220322_L001/83_220322_L001.srt.dp.bam	14582728.0	14011058.0	1180037399.0	1175933668.0	45792.7151	78.0	41.8785	0.0248	3.8576	96.07981442155405
84_220322_L001.srt.dp	results/84_220322_L001/84_220322_L001.srt.dp.bam	17067165.0	16481408.0	1251244437.0	1247347442.0	43066.1368	67.0	41.1859	0.0233	4.0904	96.56793029187918
88_220322_L001.rg	88_220322_L001.rg.bam	1993624.0	1921766.0	151564691.0	151065911.0	42054.394	71.0	41.0933	0.0239	0.4955	96.39560920213641
88_220322_L001.srt.dp	results/88_220322_L001/88_220322_L001.srt.dp.bam	1993624.0	1921767.0	151564734.0	151065953.0	42032.4415	71.0	41.0924	0.0239	0.4955	96.3956593620462
89_220322_L001.srt.dp	results/89_220322_L001/89_220322_L001.srt.dp.bam	16389347.0	15658064.0	1232550034.0	1228117170.0	47073.0033	73.0	41.956	0.0251	4.0293	95.53805895988413
8_220322_L001.srt.dp	results/8_220322_L001/8_220322_L001.srt.dp.bam	31006422.0	29767221.0	2114129659.0	2107206384.0	38534.4452	63.0	40.8046	0.0241	6.9112	96.00340535905755
90_220322_L001.srt.dp	results/90_220322_L001/90_220322_L001.srt.dp.bam	21057219.0	20488902.0	1905766255.0	1898200791.0	55072.7621	93.0	42.5221	0.026	6.2301	97.30108235090303
91_220322_L001.srt.dp	results/91_220322_L001/91_220322_L001.srt.dp.bam	7427316.0	7257264.0	695077099.0	692228884.0	64355.0734	98.0	42.2883	0.0267	2.2723	97.71045152784666
92_220322_L001.srt.dp	results/92_220322_L001/92_220322_L001.srt.dp.bam	20017130.0	19492297.0	1754687389.0	1747720356.0	53157.0673	88.0	42.2147	0.0262	5.7362	97.3780806739028
93_220322_L001.srt.dp	results/93_220322_L001/93_220322_L001.srt.dp.bam	19699559.0	19129659.0	1795317993.0	1788162079.0	54985.421	94.0	42.4311	0.026	5.869	97.10704183784013
96_220322_L001.srt.dp	results/96_220322_L001/96_220322_L001.srt.dp.bam	25937898.0	25302656.0	2267237232.0	2258861099.0	51700.7856	87.0	42.1496	0.0247	7.4118	97.55091179709319
97_220322_L001.srt.dp	results/97_220322_L001/97_220322_L001.srt.dp.bam	24872592.0	24228557.0	2136456818.0	2128386874.0	52483.1994	85.0	41.9589	0.0254	6.9842	97.41066391472188
98_220322_L001.srt.dp	results/98_220322_L001/98_220322_L001.srt.dp.bam	18229508.0	17800041.0	1624770242.0	1618246596.0	46288.8673	89.0	42.2852	0.0261	5.3115	97.6441108558717
99_220322_L001.srt.dp	results/99_220322_L001/99_220322_L001.srt.dp.bam	16464880.0	16092726.0	1552651553.0	1546231091.0	56441.373	99.0	42.407	0.0268	5.0757	97.73971021957038
9_220322_L001.srt.dp	results/9_220322_L001/9_220322_L001.srt.dp.bam	20976721.0	18826152.0	1182864353.0	1179619084.0	27759.3552	57.0	39.9909	0.022	3.8669	89.74783046406539
